3972154535
3972055233
3971976818
3970454002
3970279887
3969955414
3969876442
3968327522
3967858418
3966744537
3966581710
3966313873
3966161147
3966020533
3937770762
3937695236
3935917464
3935855156
3935790916
3932161077
3932111656
3928936023
3928801490
3928620364
3928462587
3928102591
3928022579
3927969458
3898771485
3898537635
3898369901
3893314987
3893222060
3891663985
3891541020
3891349796
3891255300
3890914266
3890827984
3889172765
3889067271
3888816314
3888711624
3850048260
3849983470
3849869490
3849810347
3848557814
3848484644
3847039727
3846951248
3846857305
3846816811
3845985454
3845851181
3845724808
3845600049
3845488608
3845267330
3845151600
3845065434
3843726538
3843644695
3843540662
3841687852
3841621187
3841543396
3841477011
3838918130
3838841013
3838710425
3838644512
3838501169
3838453372
3818797818
3818707653
3818623346
3818397105
3816766153
3815751099
3815664057
3815594091
3811395746
3811024255
3810920238
3810816945
3810442630
3808965597
3808730315
3807137726
3806807674
3805446809
3805169331
3780675922
3780551983
3780464763
3780347464
3780274749
3780173955
3771806416
3771700231
3771606255
3769072510
3768548189
3767136890
3765204718
3763905209
3733833447
3733732454
3732580015
3732482415
3732359324
3732003237
3731917725
3731845800
3730672202
3730518922
3730393519
3730296359
3727192072
3727091340
3726939588
3726781784
3726652331
3726528982
3726438159
3726355525
3724952736
3724877694
3724771450
3723222255
3723158237
3720311686
3720231023
3719839932
3719783272
3719714274
3698009748
3697932551
3696703002
3696594852
3694775908
3690751201
3687347650
3686974255
3686916657
3680478729
3680397726
3679278012
3679145662
3679007953
3678728544
3678628664
3678460398
3674781537
3674668790
3674500189
3674399684
3674318913
3674209274
3674136979
3672924338
3672818831
3672502687
3672440405
3671561032
3671451565
3671328138
3670848008
3670788423
3669581323
3669457967
3610090295
3609945974
3609753657
3609602443
3607459375
3607291192
3607111763
3607008645
3606848244
3605489927
3605162043
3604955649
3569242485
3569112659
3568956712
3568795427
3568669034
3567049639
3566899357
3566763577
3566438125
3566348242
3563273489
3563181598
3563102080
3561453880
3561369955
3561257727
