4031939643
4031887529
4031793106
4031635095
4031513567
4030133741
4030059076
4029867169
4029782118
4028198178
4028093026
4026215919
4026170962
4026109863
4026056800
4024317405
4024230549
4024135198
4024032892
3970454002
3970279887
3970112306
3970041014
3968073382
3967908532
3966866578
3966581710
3966411393
3966233770
3966036899
3917323099
3917196768
3917076539
3915763230
3915648691
3915514948
3913692326
3913576985
3913433059
3911051288
3910953977
3910845070
3909514591
3909391492
3908965592
3883770492
3883657400
3878823750
3878505320
3878219320
3876799364
3876379841
3876216637
3876073925
3849876560
3849810027
3848369378
3848315922
3847039727
3846951248
3846872791
3846814925
3845985454
3845851181
3845724808
3845600049
3845488608
3845267330
3845151600
3845065434
3843430647
3843335471
3843184168
3843089222
3841687852
3841621187
3841543396
3841477011
3840323490
3840225403
3839024656
3838877772
3838777144
3838524363
3838459583
3834511370
3834408289
3834233074
3833080676
3832989883
3832863060
3831243271
3831145338
3830552431
3830446119
3830307665
3800120344
3799989013
3799869808
3798272648
3798116566
3797921919
3797779580
3797616005
3796128008
3796013772
3794599724
3794537388
3794444729
3792442906
3792361808
3785554522
3785462740
3785291298
3783480887
3782034378
3781943140
3781854643
3781636310
3780675922
3780551983
3780464763
3777222389
3777145560
3752273869
3752174849
3752068728
3751180345
3751104948
3747471332
3747355056
3747238582
3745813369
3745732943
3745657452
3744092341
3734103965
3734004763
3732580015
3732482415
3732359324
3732198939
3732103476
3730393519
3730296359
3728731167
3728634400
3728551673
3728392923
3728286918
3724952736
3724877694
3724771450
3723250429
3723186444
3721716925
3721621273
3721527098
3721400155
3721336855
3720100931
3719995059
3719907365
3696802285
3696618477
3696537358
3695005031
3694904506
3694561853
3685644944
3685560533
3685486157
3685343126
3685276900
3684109077
3684013735
3683935248
3682301519
3682222007
3679278012
3679145662
3679007953
3674500189
3674399684
3674318913
3674209274
3674136979
3673233182
3673105024
3672976384
3672826266
3672734100
3672659134
3671333941
3671236550
3671061970
3670983261
3669581323
3669457967
3667833474
