3964587511
3964501224
3963175050
3963082795
3962997393
3962701540
3962632022
3961665955
3961505531
3961276206
3961142758
3960988841
3959823287
3959508756
3959298503
3959161923
3897647670
3891925312
3891767458
3891064693
3890976184
3889772161
3889571850
3888981415
3888897233
3888666303
3888582250
3846676328
3846629922
3845575174
3845485051
3845360065
3845156077
3845073919
3844992448
3843406955
3843307459
3834192166
3834093664
3833974915
3833720584
3833658545
3832427973
3832277758
3814007675
3813952666
3810509929
3809120660
3808588717
3807025985
3806880107
3805633343
3805456168
3799027889
3798948689
3797626663
3797464295
3794123687
3794039372
3790905870
3790811189
3789554614
3783599263
3783512721
3779051877
3778930653
3778576021
3778505177
3671082529
3671003756
3670915410
3669545110
3669462612
3663609201
3663487741
3663370749
3663289947
3663220984
3661474899
3659489112
3659404960
3659359036
3659342514
3646457921
3646342095
3646211762
3646131421
3646000468
3645831365
3645758637
3644405968
3644337592
3644142514
3644074112
3642513624
3642377948
3641971288
3641891483
3630785115
3630693484
3630553740
3628190458
3628077239
3626539172
3624512696
3624396602
3624248021
3624096122
3623968740
3623830903
3621933567
3621805361
3621669847
3621447465
3621329753
3617183422
3617120165
3615725720
3615647862
3615459277
3615403876
3613719483
3613643126
3613432256
3613308041
3613240834
3553474678
3553362864
3537283480
3537169772
3537088114
3536978459
3536959023
3535216693
3535098233
3503617352
3503508448
3503395387
3501011290
3500881808
3497238141
3497133842
3492138319
3492045536
3490327923
3490210058
3487620254
3487515166
3474805464
3474647168
3474463944
3474375622
3472514615
3472379810
3472284959
3471974628
3471900308
3468895289
3468806525
3468731486
3468615808
3468520607
3468458636
3459052713
3458929429
3458788400
3456848792
3456734274
3456628628
3453548070
3453421115
3369930606
3369858045
3366289447
3366236403
3366166505
3362247584
3362175204
3362113115
3358299746
3358232771
3357890369
3357776843
3356189302
3356137447
3355944219
3355853872
3354341710
3354292598
3354123160
3354057627
3353837163
3353742932
3352200165
3352140562
3300164963
3300020028
3300027211
3299899882
3298491955
