3936679099
3936653303
3936473615
3934811274
3934691232
3930896312
3930746428
3930614997
3930501529
3930153082
3930084254
3930018175
3848373858
3848320649
3848259014
3847305757
3847207327
3846888523
3846835089
3846768422
3841676130
3841654965
3841589135
3834963072
3834893237
3834797908
3834655304
3834092818
3834007564
3832724862
3832546445
3829564146
3829506426
3828974488
3828770018
3817363976
3813872197
3813829086
3810509929
3809038898
3808671269
3806938549
3806747614
3805240127
3805102807
3803752673
3803678753
3799488387
3799388962
3799270780
3797886824
3797772127
3797612930
3797438076
3797292047
3797057590
3797008538
3795559077
3795477852
3795410349
3795343638
3795274204
3794122883
3793784398
3793710118
3792544900
3792466130
3792346089
3792178308
3792116483
3787793545
3787689572
3787477054
3787365356
3787212636
3782034378
3781943140
3781854643
3781496374
3775933971
3775825168
3775730294
3773771562
3773664713
3771806416
3771700231
3771606255
3767136890
3765492612
3764049023
3728807427
3728684398
3728593019
3728491951
3726620028
3726494664
3726370330
3724843987
3724777748
3724721277
3723091461
3723030748
3721482323
3721434576
3719675657
3719624658
3718075175
3717972200
3717902640
3698232300
3698238849
3698163097
3698091718
3696424993
3696337562
3695231259
3695119172
3694672680
3691576813
3691341015
3691216356
3691083265
3689489578
3689347829
3688897611
3688822000
3688740865
3686978852
3686909192
3673014367
3672919546
3672805308
3672651683
3672588819
3671260457
3671161784
3671050897
3670983643
3670906487
3665567565
3665479564
3665393185
3665291631
3663609201
3663487741
3663290427
3663211527
3661346789
3661281715
3661212159
3659489112
3659404960
3659359036
3659342514
3652246616
3652171681
3652095797
3651953614
3651861333
3651753968
3649877258
3649779997
3649716522
3648120341
3648019591
3647930637
3646474418
3646386713
3646274731
3645830077
3645767044
3644416439
3644328738
3644140383
3644071800
3642577208
3642498674
3642402437
3641944490
3641878274
3638312745
3638192973
3638069035
3636274306
3636144457
3630785115
3630693484
3630553740
3629954267
3629847571
3629706160
3628436489
3628335903
3626210150
3626107606
3626019428
3624512696
3624396602
3624248021
3621933567
