3965640129
3965525689
3965452132
3965322615
3963748898
3963622811
3963510721
3963056127
3962975170
3961646185
3961454929
3960519079
3960361768
3960150175
3959921040
3959571775
3870156798
3870010503
3869862804
3868032433
3867862633
3867448152
3865436538
3861958084
3861849410
3861782528
3860298305
3860181472
3858902133
3858746706
3858730878
3858598169
3856317902
3856210369
3856109320
3855201180
3855126038
3844074317
3843926586
3843801608
3842103049
3842011869
3832724862
3832546445
3832128441
3831900465
3828974488
3828770018
3803222530
3803104015
3800088418
3800005418
3799881311
3799714212
3799585019
3797967997
3797881944
3797823302
3796470902
3796395042
3796320182
3795821915
3795725017
3795619812
3794749157
3794676404
3794259391
3794115876
3794039729
3792879713
3792771961
3770890637
3770826200
3770751583
3770628434
3760649937
3760517861
3760408738
3757261652
3757135331
3755879132
3755794202
3755669137
3755437100
3755303868
3729540765
3729298274
3727062888
3726904948
3726760286
3726717388
3965640129
3965525689
3965452132
3965322615
3963748898
3963622811
3963510721
3963056127
3962975170
3961646185
3961454929
3960519079
3960361768
3960150175
3959921040
3959571775
3870156798
3870010503
3869862804
3868032433
3965640129
3965525689
3965452132
3965322615
3963748898
3963622811
3963510721
3963056127
3962975170
3961646185
3961454929
3960519079
3960361768
3960150175
3959921040
3959571775
3870156798
3870010503
3869862804
3868032433
3965640129
3965525689
3965452132
3965322615
3963748898
3963622811
3963510721
3963056127
3962975170
3961646185
3961454929
3960519079
3960361768
3960150175
3959921040
3959571775
3870156798
3870010503
3869862804
3868032433
3965640129
3965525689
3965452132
3965322615
3963748898
3963622811
3963510721
3963056127
3962975170
3961646185
3961454929
3960519079
3960361768
3960150175
3959921040
3959571775
3870156798
3870010503
3869862804
3868032433
3965640129
3965525689
3965452132
3965322615
3963748898
3963622811
3963510721
3963056127
3962975170
3961646185
3961454929
3960519079
3960361768
3960150175
3959921040
3959571775
3870156798
3870010503
3869862804
3868032433
