4066760701
4066670110
4065077879
4064996401
4064786062
4064708096
4063558826
4063518923
4063378608
4063266100
4062142571
4062099038
4061977166
4061922574
4061766981
4061694810
3936321758
3936208040
3936038407
3934197014
3934135077
3934056852
3931151617
3930995463
3930871882
3930752760
3930642875
3930216789
3930125995
3930017604
3913231529
3913069866
3911695865
3911582365
3910028416
3909951436
3909857306
3909169351
3899726029
3899640601
3894049655
3893895473
3893763347
3893314987
3893222060
3891925312
3891767458
3891117294
3891024973
3889448283
3889358128
3889125363
3889008004
3888633383
3888583323
3867646351
3865542373
3862218492
3862104329
3860041559
3859911502
3858543045
3858438387
3858316713
3856317902
3856210369
3856109320
3854810418
3854704857
3854613702
3820686389
3820592361
3820507353
3820410022
3820341307
3818518023
3818469890
3817246912
3817139322
3817043405
3815509528
3815445061
3810441732
3809038898
3808749687
3807181073
3806807387
3805456168
3805168942
3780347464
3780274749
3780173955
3768435440
3767025456
3765289061
3763905209
3745654838
3745532996
3745429518
3744526729
3744481509
3743877987
3730672202
3730518922
3730195913
3730199865
3730171854
3730104499
3726781784
3726652331
3726547842
3726456244
3726368004
3726377899
3723222255
3723158237
3720407710
3720275115
3720176854
3720047617
3719936011
3716269301
3716172156
3715113464
3714953219
3714829316
3713023478
3712904364
3712778240
3712338559
3712282967
3698067186
3698002964
3697932209
3696286347
3696227516
3694775908
3684109077
3684013735
3683935248
3682119944
3682060385
3681994910
3674781537
3674668790
3673116079
3672986849
3672653744
3672579698
3662885812
3662819539
3662371483
3662259479
3660612899
3660475817
3587458238
3587329150
3587187377
3587101255
3587014552
3578689020
3575628185
3575552622
3572510732
3572448805
3572114989
3572054448
3571242499
3571101436
3570692321
3570584164
3568795427
3568669034
3568535037
3568429861
3568326776
3566631812
3566544785
3563273489
3563181598
3563102080
3560025919
3559883602
3559770954
3559378355
3559320287
3559242135
3558187182
3558048294
3557856495
3557762105
3557608133
3555836986
3555684032
3555539638
3544317254
3544182040
3544068673
3543932606
3541754328
