4070423361
4070356125
4066775838
4066704198
4065260154
4065211201
4065042825
4064993264
4064786062
4064708096
4063369023
4063289036
4062151757
4062098446
4062010988
4061952570
4061742840
4061660411
3943981461
3943893584
3943790375
3943673479
3943547236
3942260942
3942119450
3937484599
3937435514
3932161077
3932111656
3928278244
3928136472
3928080962
3928032584
3927970381
3911466745
3911317677
3911193264
3909733428
3909634072
3909047737
3870838763
3870720136
3870602242
3870453145
3870156798
3870010503
3869862804
3868388262
3868240894
3865875641
3865715133
3862218492
3862104329
3860626926
3860516530
3858902133
3858746706
3858730878
3858598169
3856657225
3856540185
3856441285
3855322538
3855211981
3818397105
3817445493
3816957355
3816899525
3816848333
3815378585
3815318822
3813872197
3813829086
3811272637
3811138840
3811024255
3810913865
3810690114
3808894481
3808730315
3807259050
3806929208
3805613071
3805293296
3798272648
3798116566
3796359654
3796268587
3794599724
3794537388
3794444729
3793135633
3793030149
3774178327
3774083100
3773950827
3772435351
3772339381
3772237673
3768860674
3768183941
3766915400
3765370823
3763492629
3752273869
3752174849
3752068728
3750946886
3750844055
3750736836
3749130082
3749024236
3748928380
3747126700
3747006714
3745831943
3745760706
3744407716
3744321987
3744215830
3743740299
3716818051
3716722821
3716642134
3716503818
3716269301
3716172156
3711037338
3710951598
3710846471
3710771742
3704280890
3704183534
3704076062
3703959697
3703866531
3702177241
3702089496
3698556611
3698427295
3698342712
3696501908
3696416896
3694695589
3597401325
3597234172
3597031137
3597025441
3596803540
3596688904
3595430302
3595326728
3595192440
3593368959
3593288991
3593194086
3592497127
3592392708
3584456237
3584390072
3584318518
3584239266
3574820788
3574719656
3573328300
3573263671
3573141100
3573046030
3563837364
3563757526
3562232404
3562170839
3562039160
3561966598
3554583049
3554472677
3552339511
3552253587
3550781676
3550720735
3550606727
3550508063
3545411013
3545330410
3545253155
3545125310
3544999229
3543084625
3542962816
3538465716
3538372616
3538209536
3538073823
3530260459
3530161568
3530018295
3528450522
3528329524
3525994644
3525840237
4070423361
4070356125
4066775838
4066704198
4065260154
4065211201
4065042825
4064993264
4064786062
4064708096
4063369023
4063289036
4062151757
4062098446
4062010988
4061952570
4061742840
4061660411
3943981461
3943893584
3943790375
3943673479
3943547236
3942260942
3942119450
3937484599
3937435514
3932161077
3932111656
3928278244
3928136472
3928080962
3928032584
3927970381
3911466745
3911317677
3911193264
3909733428
3909634072
3909047737
3870838763
3870720136
3870602242
3870453145
3870156798
3870010503
3869862804
3868388262
3868240894
3865875641
3865715133
3862218492
3862104329
3860626926
3860516530
3858902133
3858746706
3858730878
3858598169
3856657225
3856540185
3856441285
3855322538
3855211981
3818397105
3817445493
3816957355
3816899525
3816848333
3815378585
3815318822
3813872197
3813829086
3811272637
3811138840
3811024255
3810913865
3810690114
3808894481
3808730315
3807259050
3806929208
3805613071
3805293296
3798272648
3798116566
3796359654
3796268587
3794599724
3794537388
3794444729
3793135633
3793030149
3774178327
3774083100
3773950827
3772435351
3772339381
3772237673
3768860674
3768183941
3766915400
3765370823
3763492629
3752273869
3752174849
3752068728
3750946886
3750844055
3750736836
3749130082
3749024236
3748928380
3747126700
3747006714
3745831943
3745760706
3744407716
3744321987
3744215830
3743740299
3716818051
3716722821
3716642134
3716503818
3716269301
3716172156
3711037338
3710951598
3710846471
3710771742
3704280890
3704183534
3704076062
3703959697
3703866531
3702177241
3702089496
3698556611
3698427295
3698342712
3696501908
3696416896
3694695589
3597401325
3597234172
3597031137
3597025441
3596803540
3596688904
3595430302
3595326728
3595192440
3593368959
3593288991
3593194086
3592497127
3592392708
3584456237
3584390072
3584318518
3584239266
3574820788
3574719656
3573328300
3573263671
3573141100
3573046030
3563837364
3563757526
3562232404
3562170839
3562039160
3561966598
3554583049
3554472677
3552339511
3552253587
3550781676
3550720735
3550606727
3550508063
3545411013
3545330410
3545253155
3545125310
3544999229
3543084625
3542962816
3538465716
3538372616
3538209536
3538073823
3530260459
3530161568
3530018295
3528450522
3528329524
3525994644
3525840237
