4072354014
4072252473
4066909869
4066838505
4066598139
4066499349
4065164937
4065124105
4064970428
4064872015
4063643412
4063600107
4063222284
4063131353
4062098361
4062047269
4061858332
4061804100
4031635095
4031513567
4029995725
4029958654
4027480020
4027393754
4026109863
4026056800
4025975231
4025899019
4024632580
4024579757
4024533023
3969720897
3969656979
3969557308
3969180038
3967718821
3967645548
3967535610
3967478661
3967343435
3954889882
3935917464
3935855156
3935790916
3932948526
3932802156
3931151617
3930995463
3930871882
3930496811
3930343388
3930216789
3930125995
3930017604
3903099199
3902979731
3902849890
3900655955
3900489066
3893641241
3893538521
3893448698
3893117690
3893059114
3891750360
3891640110
3891287696
3891198578
3890914266
3890827984
3889219951
3889095712
3888855626
3888767050
3884218559
3884052012
3883770492
3883657400
3881561712
3881375246
3881230848
3878630905
3878400949
3878219320
3876700964
3876477098
3876357054
3876072976
3850856450
3850804674
3849491688
3849451104
3849394619
3849337141
3847968696
3847930881
3846517090
3846483113
3846432488
3844619276
3844568887
3842734691
3842690958
3800747092
3800693596
3800631018
3800590820
3800452307
3800381475
3798642199
3798593636
3798527448
3796582875
3796529751
3794969688
3794924119
3793464185
3793427923
3793374014
3793316773
3793220334
3781335278
3781288924
3781237780
3741644727
3741590763
3741550782
3739757965
3739723097
3739662492
3739603045
3739546341
3731425502
4072354014
4072252473
4066909869
4066838505
4066598139
4066499349
4065164937
4065124105
4064970428
4064872015
4063643412
4063600107
4063222284
4063131353
4062098361
4062047269
4061858332
4061804100
4031635095
4031513567
4072354014
4072252473
4066909869
4066838505
4066598139
4066499349
4065164937
4065124105
4064970428
4064872015
4063643412
4063600107
4063222284
4063131353
4062098361
4062047269
4061858332
4061804100
4031635095
4031513567
4072354014
4072252473
4066909869
4066838505
4066598139
4066499349
4065164937
4065124105
4064970428
4064872015
4063643412
4063600107
4063222284
4063131353
4062098361
4062047269
4061858332
4061804100
4031635095
4031513567
4072354014
4072252473
4066909869
4066838505
4066598139
4066499349
4065164937
4065124105
4064970428
4064872015
4063643412
4063600107
4063222284
4063131353
4062098361
4062047269
4061858332
4061804100
4031635095
4031513567
4029995725
4029958654
4027480020
4027393754
4026109863
4026056800
4025975231
4025899019
4024632580
4024579757
4024533023
3969720897
3969656979
3969557308
3969180038
3967718821
3967645548
3967535610
3967478661
3967343435
3954889882
3935917464
3935855156
3935790916
3932948526
3932802156
3931151617
3930995463
3930871882
3930496811
3930343388
3930216789
3930125995
3930017604
3903099199
3902979731
3902849890
3900655955
3900489066
3893641241
3893538521
3893448698
3893117690
3893059114
3891750360
3891640110
3891287696
3891198578
3890914266
3890827984
3889219951
3889095712
3888855626
3888767050
3884218559
3884052012
3883770492
3883657400
3881561712
3881375246
3881230848
3878630905
3878400949
3878219320
3876700964
3876477098
3876357054
3876072976
3850856450
3850804674
3849491688
3849451104
3849394619
3849337141
3847968696
3847930881
3846517090
3846483113
3846432488
3844619276
3844568887
3842734691
3842690958
3800747092
3800693596
3800631018
3800590820
3800452307
3800381475
3798642199
3798593636
3798527448
3796582875
3796529751
3794969688
3794924119
3793464185
3793427923
3793374014
3793316773
3793220334
3781335278
3781288924
3781237780
3741644727
3741590763
3741550782
3739757965
3739723097
3739662492
3739603045
3739546341
3731425502
4072354014
4072252473
4066909869
4066838505
4066598139
4066499349
4065164937
4065124105
4064970428
4064872015
4063643412
4063600107
4063222284
4063131353
4062098361
4062047269
4061858332
4061804100
4031635095
4031513567
4072354014
4072252473
4066909869
4066838505
4066598139
4066499349
4065164937
4065124105
4064970428
4064872015
4063643412
4063600107
4063222284
4063131353
4062098361
4062047269
4061858332
4061804100
4031635095
4031513567
4072354014
4072252473
4066909869
4066838505
4066598139
4066499349
4065164937
4065124105
4064970428
4064872015
4063643412
4063600107
4063222284
4063131353
4062098361
4062047269
4061858332
4061804100
4031635095
4031513567
