1 0.373471265297
10 0.340590878911
20 0.335955764245
30 0.333067864763
40 0.323511057876
50 0.318890979087
60 0.310943862386
70 0.305848759262
80 0.293581637999
90 0.281117417372
100 0.272262898379
110 0.257213863223
120 0.247348854788
130 0.244930422695
140 0.238879839774
150 0.216107986176
160 0.212607692798
170 0.203407173172
180 0.190180937492
190 0.185373584905
200 0.176725371441
210 0.17729591588
220 0.169912979406
230 0.162159002696
240 0.160085942504
250 0.150102438443
260 0.143575348521
270 0.144834160708
280 0.142329318055
290 0.139416453879
300 0.130865405351
310 0.13063941788
320 0.129198453967
330 0.119770697785
340 0.124773728869
350 0.11713035639
360 0.118134616359
370 0.114976039896
380 0.11086901632
390 0.122811279333
400 0.115853728635
410 0.106240368008
420 0.104217478487
430 0.109073395358
440 0.108151682493
450 0.102973069159
1 0.373274935415
10 0.337791019246
20 0.334851707086
30 0.330049958242
40 0.324644846437
50 0.318383640634
60 0.307145174517
70 0.301975701879
80 0.289411216154
90 0.279448055271
100 0.270679252433
110 0.258965645871
120 0.247826200432
130 0.236611908793
140 0.226782447953
150 0.21745047755
160 0.207082752991
170 0.201625557049
180 0.200410509498
190 0.192350799342
200 0.178823896838
210 0.180626462735
220 0.170328377176
230 0.167031934253
240 0.152887734037
250 0.153782465298
260 0.148033130925
270 0.142873662332
280 0.137939166629
290 0.13452857195
300 0.129266612728
310 0.125550263159
320 0.129117488656
330 0.123777730164
340 0.127357548097
350 0.11850552006
360 0.114392632203
370 0.113754857969
380 0.11142938339
390 0.11775778471
400 0.110172610141
410 0.114973911497
420 0.103451178115
430 0.103716378621
440 0.10281710744
450 0.102263698246
460 0.105254631241
470 0.101848209153
480 0.101161395845
490 0.096872484873
500 0.101524055755
510 0.0964527245395
520 0.0921541736286
530 0.0907663516187
540 0.0952304658008
550 0.0913969676726
560 0.0941949004145
570 0.091855912086
580 0.0918905776642
590 0.0856512412645
600 0.0842903320718
610 0.0914787995777
620 0.0913500665458
630 0.0828321549016
640 0.0876793489454
650 0.0831386325908
660 0.0873643269007
670 0.0809260451977
680 0.078236804449
690 0.0813992008729
700 0.0798242723623
710 0.08429008319
720 0.0828545078176
730 0.0800479159569
740 0.0828917633634
750 0.0737386590815
760 0.0784369456163
770 0.0898964986637
780 0.0796154674575
790 0.0804065451863
800 0.0749207553656
810 0.0820407070867
820 0.0857900684214
830 0.0741637498086
840 0.0742969166056
850 0.0761748575835
860 0.0790076667794
870 0.0795115971168
880 0.0731900377388
890 0.0716800426227
900 0.0718168477892
910 0.0725419093355
920 0.0747728283666
930 0.0831848251971
940 0.0723903948576
950 0.0716308612862
960 0.0677452367177
970 0.0699385986434
980 0.0702430856185
990 0.069063986522
1000 0.0684563438826
1010 0.0671864846397
1020 0.0669000557556
1030 0.0713884505025
1040 0.0699929406947
1050 0.068340020257
1060 0.0629543215738
1070 0.0717398404751
1080 0.0689503574042
1090 0.0694601986098
1100 0.0655884976674
1110 0.0671569708708
1120 0.0659217101454
1130 0.0655540190691
1140 0.0651134586934
1150 0.0645602655233
1160 0.0642259606795
1170 0.0630978006708
1180 0.0726386878882
1190 0.0787688438281
1200 0.0646003851829
1210 0.0688290116013
1220 0.0625725123437
1230 0.0654555187088
1240 0.0692788070203
1250 0.0662873245587
1260 0.067342782331
1270 0.0659629691473
1280 0.0671452258052
1290 0.0661615997202
1300 0.066059954459
1310 0.0746157482941
1320 0.0620645057896
1330 0.0645343603782
1340 0.0620225913931
1350 0.0627754494251
1360 0.066142777367
1370 0.0625033258717
1380 0.0669362011622
1390 0.0644659191262
1400 0.0609561168305
1410 0.0629078816542
1420 0.067159667406
1430 0.0641932458198
1440 0.0630803121659
1450 0.0688969717375
1460 0.0632812816623
1470 0.0645218236777
1480 0.0589437802228
1490 0.0581752557982
1500 0.0665892578634
1510 0.070634684493
1520 0.060978283941
1530 0.0625016938193
1540 0.0607533570339
1550 0.0653893935454
1560 0.0592453704607
1570 0.0630521886159
1580 0.0624282197203
1590 0.0604947469683
1600 0.058966286799
1610 0.0613905883975
1620 0.0591903550091
1630 0.0674024079535
1640 0.0614799003616
1650 0.0648543069247
1660 0.0679692005523
1670 0.0690690295663
1680 0.0593096444842
1690 0.067149338631
1700 0.0637643614595
1710 0.0626577931659
1720 0.0599319238918
1730 0.0591597650983
1740 0.0583376200681
1750 0.0628059723023
1760 0.0593540062359
1770 0.0633425385556
1780 0.0697667804587
1790 0.0582243546196
1800 0.0689116284859
1810 0.0618020040199
1820 0.0567642437375
1830 0.0609433074144
1840 0.0693175419679
1850 0.0677617906903
1860 0.0564106578385
1870 0.0575231371555
1880 0.0664333376764
1890 0.0605923773127
1900 0.0607825101691
1910 0.0587775202009
1920 0.0556094279486
1930 0.0603638653495
1940 0.0590856056013
1950 0.0567306750009
1960 0.0640512474853
1970 0.0583320138814
1980 0.0675057883604
1990 0.053530763396
2000 0.0607834555371
