3969620539
3969556326
3969496101
3969427809
3969357638
3967562562
3967480317
3967391784
3967303905
3967214219
3965927990
3965884494
3965854761
3965513793
3965388783
3963833718
3962092993
3960936028
3960868114
3960583608
3954917973
3954873006
3954718991
3954668665
3952872882
3947213230
3947172203
3947106067
3945163565
3945117744
3908209911
3878628302
3878402373
3878292868
3876799364
3876175039
3876072976
3861439457
3844421664
3844351306
3838254564
3832355063
3832266067
3831006834
3830902400
3830762107
3803597762
3803540992
3803469261
3803404875
3802252037
3802231920
3802179711
3798566623
3798492582
3798414115
3796748710
3796720311
3796409885
3796379534
3796315981
3795030153
3794999480
3794862312
3794806851
3785140319
3785055473
3782111910
3781998272
3781860981
3781768615
3781539822
3781488024
3780239446
3779891824
3764949572
3764884555
3764826814
3763089954
3763027660
3761093569
3761035234
3760977296
3737894748
3737846062
3737762956
3737673751
3734603868
3734558051
3734448170
3734385216
3732967137
3732900390
3732843215
3732764995
3732682368
3732581038
3729503818
3729421187
3727656049
3727579168
3727472178
3727123365
3727032277
3726000224
3725957451
3724252193
3724184297
3724111801
3721182706
3721121514
3720905322
3720861253
3717660848
3717597560
3715757782
3715617275
3713831278
3713641646
3713418622
3713150886
3695226002
3695087532
3695009268
3694623523
3677501971
3677394414
3675325224
3675207479
3675099734
3673733716
3673640339
3671943525
3671877610
3671724133
3671665937
3635326955
3635271322
3635201303
3633141188
3633071499
3631122820
3631031732
3598152346
3598097129
3598045635
3597920437
3597884662
3591582076
3591534483
3591455566
3572702903
3572625996
3572227754
3572179567
3570802617
3570704604
3570136285
3570053039
3558795848
3558733611
3558662392
3556897960
3556843486
3554704439
3554688508
3554611993
3554375669
3554301784
3542359881
3541962187
3537800215
3537662528
3537526907
3527626946
3527440319
3527298693
3524294817
3501298785
3501171242
3497871676
3497783131
3497321153
3497210298
3491464166
3491409119
3491356410
3489279619
3489209544
3487237076
3487189317
3487123848
3487053272
3481795188
3481719676
3481643113
3481602210
3481567862
3481518767
3481451865
