4065175507
4065128649
4063653342
4063611898
4063465788
4063402142
4063202564
4063131437
4062098361
4062047269
4061880066
4061815647
3941931884
3941740660
3941608894
3941422211
3941338408
3937484599
3937435514
3932378219
3932294528
3932214146
3930496811
3930343388
3930149324
3930082757
3930016447
3899984103
3899867571
3893641241
3893538521
3893448698
3891494975
3891386864
3891064693
3890976184
3889445646
3889323628
3889125363
3889008004
3888646761
3888578614
3883462744
3883347356
3883220784
3878728704
3878503547
3878299774
3876477098
3876216637
3875992958
3865542373
3862694365
3862603578
3860355983
3860228898
3858133933
3858047503
3857948369
3856978772
3856880792
3856785633
3854498593
3854408440
3854315649
3817524781
3817501263
3817483709
3817445493
3814189609
3814099333
3810667407
3808944568
3808749687
3807257804
3806938549
3805633343
3805324477
3800120344
3799989013
3799869808
3796359654
3796268587
3794784138
3794721842
3792899771
3792813426
3772078989
3771946947
3768665017
3766752458
3765492612
3763575506
3749130082
3749024236
3748928380
3747471332
3747355056
3747238582
3745527313
3745418286
3743930304
3701923243
3701815840
3698247222
3698141876
3695005031
3694904506
3694593671
3666921836
3666821068
3666744360
3666647813
3666543344
3662885812
3662819539
3662702352
3662626622
3662517281
3660803130
3660612899
3660362209
3597401325
3597234172
3597031137
3597025441
3595430302
3595326728
3595192440
3593531837
3593471736
3593038122
3592887792
3589691006
3589620382
3589523352
3589434725
3589319310
3579202701
3579099469
3575810910
3575732914
3575435612
3575387841
3575335731
3572696340
3572608314
3572369074
3572306807
3570692321
3570584164
3570130016
3570059287
3562039160
3561966598
3554360514
3554279798
3552694103
3552645913
3552551775
3552460526
3550918091
3550862852
3549079813
3548993847
3548884178
3548897559
3548767455
3530486844
3530401688
3530260459
3530161568
3530018295
3525554974
3525446194
3525340923
3525348758
3524160050
3514905769
3514757987
3514623311
3514072083
3513925951
3510553812
3510438236
3503821664
3503666230
3501629071
3501476143
3501029072
3500940692
3499441200
3499317276
3499189988
3467807003
3467690896
3465831232
3465739931
3463978369
3463848793
