4065178894
4065129977
4064949771
4064867263
4063667075
4063619584
4063490254
4063439681
4062061780
4062034566
4061880066
4061815647
3963175050
3963082795
3962997393
3962882047
3962815128
3961102532
3961040985
3959847102
3959602207
3959500562
3959414343
3959161923
3953542180
3953480496
3953315607
3953242729
3953249626
3844920680
3844862562
3844809367
3834093664
3833767482
3832421216
3832264334
3794114018
3794054355
3793982981
3793855547
3793787438
3793710236
3791118198
3790734180
3789542559
3722951085
3722902826
3721375314
3721322815
3721271683
3615725720
4065178894
4065129977
4064949771
4064867263
4063667075
4063619584
4063490254
4063439681
4062061780
4062034566
4061880066
4061815647
3963175050
3963082795
3962997393
3962882047
3962815128
3961102532
3961040985
3959847102
4065178894
4065129977
4064949771
4064867263
4063667075
4063619584
4063490254
4063439681
4062061780
4062034566
4061880066
4061815647
3963175050
3963082795
3962997393
3962882047
3962815128
3961102532
3961040985
3959847102
4065178894
4065129977
4064949771
4064867263
4063667075
4063619584
4063490254
4063439681
4062061780
4062034566
4061880066
4061815647
3963175050
3963082795
3962997393
3962882047
3962815128
3961102532
3961040985
3959847102
4065178894
4065129977
4064949771
4064867263
4063667075
4063619584
4063490254
4063439681
4062061780
4062034566
4061880066
4061815647
3963175050
3963082795
3962997393
3962882047
3962815128
3961102532
3961040985
3959847102
4065178894
4065129977
4064949771
4064867263
4063667075
4063619584
4063490254
4063439681
4062061780
4062034566
4061880066
4061815647
3963175050
3963082795
3962997393
3962882047
3962815128
3961102532
3961040985
3959847102
4065178894
4065129977
4064949771
4064867263
4063667075
4063619584
4063490254
4063439681
4062061780
4062034566
4061880066
4061815647
3963175050
3963082795
3962997393
3962882047
3962815128
3961102532
3961040985
3959847102
4065178894
4065129977
4064949771
4064867263
4063667075
4063619584
4063490254
4063439681
4062061780
4062034566
4061880066
4061815647
3963175050
3963082795
3962997393
3962882047
3962815128
3961102532
3961040985
3959847102
