3999201727
3999140651
3999087077
3998952076
3998878020
3996994359
3996855176
3995710363
3995620207
3995509337
3988738002
3988642448
3988166715
3988046333
3973105146
3973023989
3972937677
3972835248
3972633082
3972522707
3972375830
3971176821
3971089692
3970990054
3970792027
3970663686
3970514314
3968700910
3968380074
3967364495
3967207226
3966957407
3966570394
3966442144
3954600438
3954513552
3954378237
3954273304
3954095894
3952747512
3999201727
3999140651
3999087077
3998952076
3998878020
3996994359
3996855176
3995710363
3995620207
3995509337
3988738002
3988642448
3988166715
3988046333
3973105146
3973023989
3972937677
3972835248
3972633082
3972522707
3999201727
3999140651
3999087077
3998952076
3998878020
3996994359
3996855176
3995710363
3995620207
3995509337
3988738002
3988642448
3988166715
3988046333
3973105146
3973023989
3972937677
3972835248
3972633082
3972522707
3999201727
3999140651
3999087077
3998952076
3998878020
3996994359
3996855176
3995710363
3995620207
3995509337
3988738002
3988642448
3988166715
3988046333
3973105146
3973023989
3972937677
3972835248
3972633082
3972522707
3999201727
3999140651
3999087077
3998952076
3998878020
3996994359
3996855176
3995710363
3995620207
3995509337
3988738002
3988642448
3988166715
3988046333
3973105146
3973023989
3972937677
3972835248
3972633082
3972522707
3999201727
3999140651
3999087077
3998952076
3998878020
3996994359
3996855176
3995710363
3995620207
3995509337
3988738002
3988642448
3988166715
3988046333
3973105146
3973023989
3972937677
3972835248
3972633082
3972522707
3999201727
3999140651
3999087077
3998952076
3998878020
3996994359
3996855176
3995710363
3995620207
3995509337
3988738002
3988642448
3988166715
3988046333
3973105146
3973023989
3972937677
3972835248
3972633082
3972522707
3999201727
3999140651
3999087077
3998952076
3998878020
3996994359
3996855176
3995710363
3995620207
3995509337
3988738002
3988642448
3988166715
3988046333
3973105146
3973023989
3972937677
3972835248
3972633082
3972522707
3999201727
3999140651
3999087077
3998952076
3998878020
3996994359
3996855176
3995710363
3995620207
3995509337
3988738002
3988642448
3988166715
3988046333
3973105146
3973023989
3972937677
3972835248
3972633082
3972522707
