4067035268
4066995932
4066926568
4066822873
4065164937
4065124105
4064938488
4064851344
4063667075
4063619584
4063481435
4063430773
4063220819
4063131371
4062062147
4062016236
4061903681
4061848287
3937936341
3937843537
3936679099
3936653303
3936473615
3933995420
3933935682
3933892648
3929018213
3928837410
3928688563
3928278244
3928136472
3928033510
3927970658
3910005819
3909907640
3909837272
3909251237
3900280991
3900169897
3899726029
3899640601
3898179475
3898052688
3897647670
3891589237
3891483725
3891287696
3891198578
3890889267
3890836890
3889421559
3889299301
3888816314
3888711624
3862262314
3862135578
3862035677
3860676988
3860563545
3860434033
3858218113
3858123895
3857352500
3857361495
3857223519
3857133774
3854498593
3854408440
3854315649
3845514835
3845396973
3845290901
3843406955
3843307459
3841906191
3841825288
3841762613
3817398682
3813773851
3813737784
3811272637
3811141827
3811019779
3810920238
3810690114
3808804800
3808649092
3807137726
3806873564
3805522795
3805358214
3803990937
3803891018
3803752673
3803678753
3797921919
3797779580
3797616005
3795857405
3795753791
3794784138
3794721842
3792653077
3792551699
3783858375
3783725197
3783453253
3783373555
3780396739
3780325101
3773771562
3773664713
3772078989
3771946947
3768245969
3767287818
3765600224
3764298763
3756602954
3756547236
3756482970
3756438579
3748838786
3748753530
3747041770
3746945388
3746813031
3745319965
3745246720
3744068304
3728384664
3728301485
3727008936
3726853742
3726731416
3726370330
3716044674
3715991149
3713023478
3712904364
3712778240
3712656854
3712573013
3712487457
3704280890
3704183534
3704076062
3703959697
3703866531
3701923243
3701815840
3699928943
3699841826
3698556611
3698427295
3698342712
3696703002
3696594852
3694837394
3652566829
3652462277
3652365180
3652246616
3652171681
3652095797
3650384922
3650321987
3650207780
3650115872
3649992380
3647795308
3647703764
3647698498
3646361167
3646260397
3646099986
3646026301
3644395341
3644326464
3642479181
3642408093
3642186942
3642092697
3595023144
3594879358
3594714448
3593531837
3593471736
3592768996
3592641601
3583630926
3583479175
3583359836
3580785184
3580676580
3580613127
3577491695
3577403300
3577069088
3577011190
