4066760701
4066670110
4065281130
4065229720
4065083072
4065016209
4063572817
4063532336
4063350513
4063286002
4062151757
4062098446
4061984521
4061924528
4061721528
4061671194
3943365614
3943262880
3943204781
3942260942
3942119450
3937609487
3937537639
3934197014
3934135077
3934056852
3930369369
3930266193
3930123077
3930055489
3903099199
3902979731
3902849890
3902498542
3902374443
3900280991
3900169897
3899984103
3899867571
3898771485
3898537635
3898369901
3897828395
3891750360
3891640110
3891349796
3891255300
3890907673
3890837233
3889421559
3889299301
3888781364
3888710999
3870838763
3870720136
3870602242
3870453145
3868388262
3868240894
3866278803
3866190562
3866060233
3862555760
3862410871
3860298305
3860181472
3858449839
3858341244
3858222095
3856657225
3856540185
3856441285
3854810418
3854704857
3854613702
3846793837
3846746975
3844915839
3844843750
3841906191
3841825288
3841762613
3841533537
3841478445
3820686389
3820592361
3820507353
3820410022
3820341307
3820170555
3820112359
3820058665
3818518023
3818469890
3817469772
3817398682
3816957355
3816899525
3816848333
3815256950
3815208445
3811395746
3811269198
3811141827
3810913865
3810503944
3809062947
3808586208
3806993715
3806873564
3805613071
3805446809
3799488387
3799388962
3799270780
3799027889
3798948689
3797437150
3797356155
3797253665
3797178901
3795730639
3795652426
3795559077
3795477852
3795337808
3795267796
3794122883
3792722654
3792643522
3792544900
3792466130
3792346089
3792261655
3792177620
3792171602
3792117569
3787701913
3787589291
3783453253
3783373555
3781981150
3781930972
3747041770
3746945388
3746813031
3745527313
3745418286
3743984381
3728807427
3728684398
3728593019
3728491951
3728384664
3728301485
3726620028
3726494664
3726372612
3719573937
3719527599
3718123883
3718025277
3717902640
3716818051
3716722821
3716642134
3716503818
3716044674
3715991149
3714669164
3714549210
3714460796
3711037338
3710951598
3710659933
3710610589
3674511155
3674429258
3674345427
3674169059
3674106773
3672683657
3672593060
3672514696
3672453927
3672384363
3671082529
3671003756
3670915410
3669545110
3669462612
3669150756
3669093471
3669026454
3665567565
3665479564
3661621609
3661553040
3661346789
3661281715
