3973127831
3973036021
3971583578
3971552773
3969775882
3969720897
3969605634
3969180038
3967809253
3967666409
3967618847
3967576585
3967424462
3955048251
3954955930
3954926837
3954780915
3862555760
3862410871
3860626926
3860516530
3858543045
3858438387
3858316713
3856784059
3856618664
3855201180
3855126038
3849491688
3849451104
3849389134
3849345651
3848071428
3848028803
3847977432
3847936146
3847876081
3847825489
3844619276
3844568887
3798642199
3798593636
3798527448
3798410405
3798324393
3798233744
3796381162
3796314223
3794969688
3794924119
3794822281
3794764327
3793501170
3793451317
3793415092
3793354627
3793301872
3768972838
3768245969
3766915400
3765289061
3763575506
3744484565
3744421491
3744340908
3743877987
3738028911
3737981699
3737947819
3737916874
3737869130
3734692413
3734655305
3734587547
3734555704
3733098824
3733050365
3732998631
3732881151
3732824588
3724487448
3724439574
3724378815
3724290630
3724258894
3721178198
3721128063
3721034914
3721009147
3720962058
3714669164
3714549210
3714460796
3714008269
3713946952
3710659933
3710610589
3696424993
3696337562
3694940772
3694856512
3694561853
3686742741
3686682034
3686630652
3685115403
3685076750
3683550012
3683501311
3683472944
3675870776
3675809741
3675801876
3675756821
3675592634
3675525406
3673986808
3673922353
3673872461
3673733442
3673690513
3672185917
3672154057
3664386030
3664284504
3660724526
3660560361
3660451515
3623193404
3623123807
3623062792
3622722921
3622599446
3622490608
3618354768
3618313643
3618204345
3616383122
3616300576
3616214571
3589863624
3589809063
3588188064
3588147870
3581095967
3581002972
3580920775
3578989936
3578907393
3578831574
3578689020
3575435612
3575387841
3575335731
3572527922
3572453085
3572227754
3572179567
3571097519
3570981816
3570353578
3570234217
3565905099
3565875392
3565827984
3565735375
3564206816
3564165553
3559037317
3558979253
3558923187
3558866805
3558793494
3558701651
3558619997
3556631234
3556521210
3556414389
3552834927
3552776980
3552752718
3552676108
3552633593
3552574506
3551019601
3550973812
3549172140
3549158850
3549097538
3517795156
3517693096
3517424563
3517352795
3515357330
3515302627
3503484791
3503356454
3503238328
3499877802
3499794356
