4078412913
4078363316
4078291886
4074821374
4074748928
4074694505
4072354014
4072252473
4066751467
4066688247
4065268827
4065211218
4065084843
4065017593
4064796732
4064721264
4063558826
4063518923
4063359785
4063299885
4062010988
4061952570
4061721528
4061671194
3973105146
3973023989
3972937677
3972835248
3971176821
3971089692
3970990054
3970420652
3970333065
3968380074
3967446758
3967285140
3967062172
3966788182
3966654369
3966401120
3954100793
3948001043
3913692326
3913576985
3913433059
3911032684
3910845348
3909760210
3909654281
3909090113
3898179475
3898052688
3893117690
3893059114
3891428412
3891341830
3891117294
3891024973
3889445646
3889323628
3888974246
3888874291
3888666303
3888582250
3867448152
3865875641
3865715133
3862262314
3862135578
3862035677
3861026687
3860917809
3858133933
3858047503
3857948369
3856476310
3856371600
3855045406
3854928326
3846224956
3846145446
3846068377
3843905631
3843797586
3810797045
3810503944
3808965597
3808649092
3806929208
3806744443
3805223928
3805108868
3795857405
3795753791
3794315872
3794215242
3792442906
3792361808
3788113746
3787984510
3787833470
3786489735
3786379725
3785809696
3785680460
3782320158
3782231357
3782133816
3780981821
3780903796
3780835795
3768860674
3768435440
3767358224
3765600224
3764167820
3747126700
3747006714
3745654838
3745532996
3745429518
3744260553
3744175111
3743753906
3739369960
3739271795
3739159697
3737779148
3737707928
3737097183
3737019853
3736096126
3735966321
3735890256
3735548678
3735453513
3735355214
3734000042
3733884597
3731013884
3730928311
3730728371
3730626579
3725646115
3725542671
3723996197
3723901029
3720933536
3720880088
3720438448
3720349476
3690954503
3690751201
3689133031
3689045549
3687262459
3687154463
3687074915
3677685722
3677586745
3677050954
3676934192
3673647411
3673559508
3673403923
3673313769
3671913791
3671854956
3671707905
3671623557
3664972517
3664912288
3664688423
3664563145
3660560361
3660359802
3660378428
3660317795
3625232006
3625160730
3625065137
3623193404
3623123807
3623062792
3622964324
3622880958
3620796674
3620742450
3620675836
3620299194
3620201501
3620078284
3610090295
3609945974
3609225559
3609079759
3607511920
3607188587
3607013095
3606848244
4078412913
4078363316
4078291886
4074821374
4074748928
4074694505
4072354014
4072252473
4066751467
4066688247
4065268827
4065211218
4065084843
4065017593
4064796732
4064721264
4063558826
4063518923
4063359785
4063299885
4062010988
4061952570
4061721528
4061671194
3973105146
3973023989
3972937677
3972835248
3971176821
3971089692
3970990054
3970420652
3970333065
3968380074
3967446758
3967285140
3967062172
3966788182
3966654369
3966401120
3954100793
3948001043
3913692326
3913576985
3913433059
3911032684
3910845348
3909760210
3909654281
3909090113
3898179475
3898052688
3893117690
3893059114
3891428412
3891341830
3891117294
3891024973
3889445646
3889323628
3888974246
3888874291
3888666303
3888582250
3867448152
3865875641
3865715133
3862262314
3862135578
3862035677
3861026687
3860917809
3858133933
3858047503
3857948369
3856476310
3856371600
3855045406
3854928326
3846224956
3846145446
3846068377
3843905631
3843797586
3810797045
3810503944
3808965597
3808649092
3806929208
3806744443
3805223928
3805108868
3795857405
3795753791
3794315872
3794215242
3792442906
3792361808
3788113746
3787984510
3787833470
3786489735
3786379725
3785809696
3785680460
3782320158
3782231357
3782133816
3780981821
3780903796
3780835795
3768860674
3768435440
3767358224
3765600224
3764167820
3747126700
3747006714
3745654838
3745532996
3745429518
3744260553
3744175111
3743753906
3739369960
3739271795
3739159697
3737779148
3737707928
3737097183
3737019853
3736096126
3735966321
3735890256
3735548678
3735453513
3735355214
3734000042
3733884597
3731013884
3730928311
3730728371
3730626579
3725646115
3725542671
3723996197
3723901029
3720933536
3720880088
3720438448
3720349476
3690954503
3690751201
3689133031
3689045549
3687262459
3687154463
3687074915
3677685722
3677586745
3677050954
3676934192
3673647411
3673559508
3673403923
3673313769
3671913791
3671854956
3671707905
3671623557
3664972517
3664912288
3664688423
3664563145
3660560361
3660359802
3660378428
3660317795
3625232006
3625160730
3625065137
3623193404
3623123807
3623062792
3622964324
3622880958
3620796674
3620742450
3620675836
3620299194
3620201501
3620078284
3610090295
3609945974
3609225559
3609079759
3607511920
3607188587
3607013095
3606848244
