3999201727
3999140651
3999087077
3998952076
3998878020
3998672773
3998482464
3996994359
3996855176
3995327439
3995186500
3990376511
3990313897
3990178856
3990099363
3797839306
3491298977
2540932458
2540849097
2536438434
2536327476
2500117091
2500014746
2495766365
2482116726
2482000584
2457242831
2457087461
2456910004
2328815788
2328781402
2328612132
2317726380
2317413856
2317170486
2210749570
2210658702
2210564968
2203317901
2197543153
2180591696
2180490889
2173970741
2173901899
2173761489
2171612758
2171556554
2171435504
2169105847
2168948510
2163494473
2163357976
2159397964
2159340756
2159195966
2159143412
2159150677
2156893510
2156808217
2154637642
2154555887
2147077988
2146975849
2144936606
2144832695
2140212537
2140130850
2135775345
2135655039
2128042823
2127918873
2056907616
2056559570
1852572800
1847345813
3999201727
3999140651
3999087077
3998952076
3998878020
3998672773
3998482464
3996994359
3996855176
3995327439
3995186500
3990376511
3990313897
3990178856
3990099363
3797839306
3491298977
2540932458
2540849097
2536438434
3999201727
3999140651
3999087077
3998952076
3998878020
3998672773
3998482464
3996994359
3996855176
3995327439
3995186500
3990376511
3990313897
3990178856
3990099363
3797839306
3491298977
2540932458
2540849097
2536438434
3999201727
3999140651
3999087077
3998952076
3998878020
3998672773
3998482464
3996994359
3996855176
3995327439
3995186500
3990376511
3990313897
3990178856
3990099363
3797839306
3491298977
2540932458
2540849097
2536438434
3999201727
3999140651
3999087077
3998952076
3998878020
3998672773
3998482464
3996994359
3996855176
3995327439
3995186500
3990376511
3990313897
3990178856
3990099363
3797839306
3491298977
2540932458
2540849097
2536438434
3999201727
3999140651
3999087077
3998952076
3998878020
3998672773
3998482464
3996994359
3996855176
3995327439
3995186500
3990376511
3990313897
3990178856
3990099363
3797839306
3491298977
2540932458
2540849097
2536438434
3999201727
3999140651
3999087077
3998952076
3998878020
3998672773
3998482464
3996994359
3996855176
3995327439
3995186500
3990376511
3990313897
3990178856
3990099363
3797839306
3491298977
2540932458
2540849097
2536438434
3999201727
3999140651
3999087077
3998952076
3998878020
3998672773
3998482464
3996994359
3996855176
3995327439
3995186500
3990376511
3990313897
3990178856
3990099363
3797839306
3491298977
2540932458
2540849097
2536438434
2536327476
2500117091
2500014746
2495766365
2482116726
2482000584
2457242831
2457087461
2456910004
2328815788
2328781402
2328612132
2317726380
2317413856
2317170486
2210749570
2210658702
2210564968
2203317901
2197543153
2180591696
2180490889
2173970741
2173901899
2173761489
2171612758
2171556554
2171435504
2169105847
2168948510
2163494473
2163357976
2159397964
2159340756
2159195966
2159143412
2159150677
2156893510
2156808217
2154637642
2154555887
2147077988
2146975849
2144936606
2144832695
2140212537
2140130850
2135775345
2135655039
2128042823
2127918873
2056907616
2056559570
1852572800
1847345813
3999201727
3999140651
3999087077
3998952076
3998878020
3998672773
3998482464
3996994359
3996855176
3995327439
3995186500
3990376511
3990313897
3990178856
3990099363
3797839306
3491298977
2540932458
2540849097
2536438434
3999201727
3999140651
3999087077
3998952076
3998878020
3998672773
3998482464
3996994359
3996855176
3995327439
3995186500
3990376511
3990313897
3990178856
3990099363
3797839306
3491298977
2540932458
2540849097
2536438434
3999201727
3999140651
3999087077
3998952076
3998878020
3998672773
3998482464
3996994359
3996855176
3995327439
3995186500
3990376511
3990313897
3990178856
3990099363
3797839306
3491298977
2540932458
2540849097
2536438434
3999201727
3999140651
3999087077
3998952076
3998878020
3998672773
3998482464
3996994359
3996855176
3995327439
3995186500
3990376511
3990313897
3990178856
3990099363
3797839306
3491298977
2540932458
2540849097
2536438434
3999201727
3999140651
3999087077
3998952076
3998878020
3998672773
3998482464
3996994359
3996855176
3995327439
3995186500
3990376511
3990313897
3990178856
3990099363
3797839306
3491298977
2540932458
2540849097
2536438434
3999201727
3999140651
3999087077
3998952076
3998878020
3998672773
3998482464
3996994359
3996855176
3995327439
3995186500
3990376511
3990313897
3990178856
3990099363
3797839306
3491298977
2540932458
2540849097
2536438434
