4074486307
4074440208
4074356696
4070838238
4066891674
4066823822
4066597494
4066517897
4064939549
4064854156
4063653342
4063611898
4063490254
4063439681
4063220819
4063131371
4062045592
4062017242
4061858332
4061804100
3941422211
3941338408
3937936341
3937843537
3936321758
3936208040
3936038407
3934531879
3934416979
3934299285
3928936023
3928801490
3928337789
3928234992
3928034802
3927969700
3909733428
3909634072
3909090113
3902498542
3902374443
3900655955
3900489066
3894049655
3893895473
3893763347
3891589237
3891483725
3891216019
3891154355
3890907673
3890837233
3889172765
3889067271
3888855626
3888767050
3845514835
3845396973
3845290901
3843661600
3843532121
3843208811
3843135909
3841676130
3841654965
3841589135
3818333792
3817524781
3817469772
3817501263
3817363976
3817246912
3817139322
3817043405
3815751099
3815664057
3815594091
3814189609
3814099333
3810797045
3810442630
3809062947
3808518879
3807259050
3807067611
3805358214
3805223928
3797612930
3797438076
3797292047
3797198581
3797112718
3797009380
3795337808
3795267796
3794035781
3793981078
3793772223
3793708269
3790905870
3790811189
3790752033
3790683463
3783297209
3783234769
3781849233
3781764502
3780576941
3780485823
3768183941
3766823904
3765946065
3764049023
3756602954
3756547236
3756387403
3756334764
3752758474
3752683273
3752602284
3752505318
3750946886
3750844055
3750736836
3747320300
3747314665
3747183006
3747172006
3744407716
3744321987
3744215830
3743753906
3727008936
3726853742
3726731416
3726372612
3699928943
3699841826
3698232300
3698238849
3698163097
3698091718
3696802285
3696618477
3696537358
3695226002
3695087532
3695009268
3694672680
3674169059
3674106773
3672651683
3672588819
3671216561
3671145779
3666921836
3666821068
3666744360
3666647813
3666543344
3664972517
3664912288
3664386030
3664284504
3660803130
3660720013
3660475817
3652566829
3652462277
3652365180
3651953614
3651861333
3651753968
3650207780
3650115872
3649992380
3648349476
3648260378
3646300726
3646236367
3646119281
3644561694
3644438898
3644343683
3644142317
3644076190
3642656405
3642529338
3642397206
3641951650
3641887334
3636037139
3635931169
3635791585
3583630926
3583479175
3583359836
3581372542
3581277522
3580785184
4074486307
4074440208
4074356696
4070838238
4066891674
4066823822
4066597494
4066517897
4064939549
4064854156
4063653342
4063611898
4063490254
4063439681
4063220819
4063131371
4062045592
4062017242
4061858332
4061804100
3941422211
3941338408
3937936341
3937843537
3936321758
3936208040
3936038407
3934531879
3934416979
3934299285
3928936023
3928801490
3928337789
3928234992
3928034802
3927969700
3909733428
3909634072
3909090113
3902498542
3902374443
3900655955
3900489066
3894049655
3893895473
3893763347
3891589237
3891483725
3891216019
3891154355
3890907673
3890837233
3889172765
3889067271
3888855626
3888767050
3845514835
3845396973
3845290901
3843661600
3843532121
3843208811
3843135909
3841676130
3841654965
3841589135
3818333792
3817524781
3817469772
3817501263
3817363976
3817246912
3817139322
3817043405
3815751099
3815664057
3815594091
3814189609
3814099333
3810797045
3810442630
3809062947
3808518879
3807259050
3807067611
3805358214
3805223928
3797612930
3797438076
3797292047
3797198581
3797112718
3797009380
3795337808
3795267796
3794035781
3793981078
3793772223
3793708269
3790905870
3790811189
3790752033
3790683463
3783297209
3783234769
3781849233
3781764502
3780576941
3780485823
3768183941
3766823904
3765946065
3764049023
3756602954
3756547236
3756387403
3756334764
3752758474
3752683273
3752602284
3752505318
3750946886
3750844055
3750736836
3747320300
3747314665
3747183006
3747172006
3744407716
3744321987
3744215830
3743753906
3727008936
3726853742
3726731416
3726372612
3699928943
3699841826
3698232300
3698238849
3698163097
3698091718
3696802285
3696618477
3696537358
3695226002
3695087532
3695009268
3694672680
3674169059
3674106773
3672651683
3672588819
3671216561
3671145779
3666921836
3666821068
3666744360
3666647813
3666543344
3664972517
3664912288
3664386030
3664284504
3660803130
3660720013
3660475817
3652566829
3652462277
3652365180
3651953614
3651861333
3651753968
3650207780
3650115872
3649992380
3648349476
3648260378
3646300726
3646236367
3646119281
3644561694
3644438898
3644343683
3644142317
3644076190
3642656405
3642529338
3642397206
3641951650
3641887334
3636037139
3635931169
3635791585
3583630926
3583479175
3583359836
3581372542
3581277522
3580785184
