4076188379
4076114893
4076043995
4072635180
4072586507
4070423361
4070356125
4066995932
4066891674
4066823822
4066615144
4066505440
4065175507
4065128649
4064949771
4064867263
4063646692
4063601628
4063481435
4063430773
4063222284
4063131353
4061867364
4061802430
4029867169
4029782118
4028020665
4027986886
4027927929
4027858018
4025975231
4025899019
4025774978
4025675324
4024135198
4024032892
3973246064
3973211743
3973127831
3973036021
3971470160
3971411606
3971338283
3969775882
3969656979
3969599769
3969382823
3967602199
3967532949
3967493885
3967424462
3967343435
3941208711
3941137339
3937770762
3937695236
3935718039
3935657118
3932378219
3932294528
3932214146
3930896312
3930746428
3930369369
3930266193
3930153082
3930084254
3930018175
3917861323
3917700931
3917689363
3917561625
3915763230
3915648691
3915514948
3911032684
3910932361
3910028416
3909951436
3909857306
3909251237
3850928939
3850899797
3849486792
3849450365
3849394619
3849337141
3847977432
3847936146
3847877434
3847827802
3846517090
3846483113
3846432488
3844755209
3844708068
3844672032
3834963072
3834893237
3834797908
3834655304
3834511370
3834408289
3834233074
3829564146
3829506426
3829376689
3829231416
3829119614
3816766153
3815509528
3815445061
3814007675
3813952666
3811269198
3811138840
3811019779
3810816945
3810591728
3808894481
3808586208
3807067611
3806744443
3805522795
3805169331
3800747092
3800693596
3800631018
3800590820
3800522560
3800452827
3800387684
3800280235
3800204587
3798586839
3798530951
3798410405
3798324393
3798233744
3796719492
3796675902
3796582875
3796529751
3794869690
3794788676
3794701400
3793501170
3793451317
3793415092
3793366409
3793336491
3773545008
3773436674
3768972838
3768665017
3767358224
3765204718
3763798613
3745831943
3745760706
3744484565
3744421491
3744340908
3743825941
3736344849
3736305415
3736229638
3736183515
3734587547
3734555704
3731603683
3731538324
3731491920
3731376121
3731338977
3731217253
3731168784
3724487448
3724439574
3724378815
3724333126
3724298267
3724256858
3722792782
3722760700
3722715550
3722684335
3722631777
3721034914
3721009147
3720962058
3699683464
3699629974
3699567414
3699501022
3699449676
3697785916
3697760916
3696128956
3696094481
4076188379
4076114893
4076043995
4072635180
4072586507
4070423361
4070356125
4066995932
4066891674
4066823822
4066615144
4066505440
4065175507
4065128649
4064949771
4064867263
4063646692
4063601628
4063481435
4063430773
4063222284
4063131353
4061867364
4061802430
4029867169
4029782118
4028020665
4027986886
4027927929
4027858018
4025975231
4025899019
4025774978
4025675324
4024135198
4024032892
3973246064
3973211743
3973127831
3973036021
3971470160
3971411606
3971338283
3969775882
3969656979
3969599769
3969382823
3967602199
3967532949
3967493885
3967424462
3967343435
3941208711
3941137339
3937770762
3937695236
3935718039
3935657118
3932378219
3932294528
3932214146
3930896312
3930746428
3930369369
3930266193
3930153082
3930084254
3930018175
3917861323
3917700931
3917689363
3917561625
3915763230
3915648691
3915514948
3911032684
3910932361
3910028416
3909951436
3909857306
3909251237
3850928939
3850899797
3849486792
3849450365
3849394619
3849337141
3847977432
3847936146
3847877434
3847827802
3846517090
3846483113
3846432488
3844755209
3844708068
3844672032
3834963072
3834893237
3834797908
3834655304
3834511370
3834408289
3834233074
3829564146
3829506426
3829376689
3829231416
3829119614
3816766153
3815509528
3815445061
3814007675
3813952666
3811269198
3811138840
3811019779
3810816945
3810591728
3808894481
3808586208
3807067611
3806744443
3805522795
3805169331
3800747092
3800693596
3800631018
3800590820
3800522560
3800452827
3800387684
3800280235
3800204587
3798586839
3798530951
3798410405
3798324393
3798233744
3796719492
3796675902
3796582875
3796529751
3794869690
3794788676
3794701400
3793501170
3793451317
3793415092
3793366409
3793336491
3773545008
3773436674
3768972838
3768665017
3767358224
3765204718
3763798613
3745831943
3745760706
3744484565
3744421491
3744340908
3743825941
3736344849
3736305415
3736229638
3736183515
3734587547
3734555704
3731603683
3731538324
3731491920
3731376121
3731338977
3731217253
3731168784
3724487448
3724439574
3724378815
3724333126
3724298267
3724256858
3722792782
3722760700
3722715550
3722684335
3722631777
3721034914
3721009147
3720962058
3699683464
3699629974
3699567414
3699501022
3699449676
3697785916
3697760916
3696128956
3696094481
4076188379
4076114893
4076043995
4072635180
4072586507
4070423361
4070356125
4066995932
4066891674
4066823822
4066615144
4066505440
4065175507
4065128649
4064949771
4064867263
4063646692
4063601628
4063481435
4063430773
4063222284
4063131353
4061867364
4061802430
4029867169
4029782118
4028020665
4027986886
4027927929
4027858018
4025975231
4025899019
4025774978
4025675324
4024135198
4024032892
3973246064
3973211743
3973127831
3973036021
3971470160
3971411606
3971338283
3969775882
3969656979
3969599769
3969382823
3967602199
3967532949
3967493885
3967424462
3967343435
3941208711
3941137339
3937770762
3937695236
3935718039
3935657118
3932378219
3932294528
3932214146
3930896312
3930746428
3930369369
3930266193
3930153082
3930084254
3930018175
3917861323
3917700931
3917689363
3917561625
3915763230
3915648691
3915514948
3911032684
3910932361
3910028416
3909951436
3909857306
3909251237
3850928939
3850899797
3849486792
3849450365
3849394619
3849337141
3847977432
3847936146
3847877434
3847827802
3846517090
3846483113
3846432488
3844755209
3844708068
3844672032
3834963072
3834893237
3834797908
3834655304
3834511370
3834408289
3834233074
3829564146
3829506426
3829376689
3829231416
3829119614
3816766153
3815509528
3815445061
3814007675
3813952666
3811269198
3811138840
3811019779
3810816945
3810591728
3808894481
3808586208
3807067611
3806744443
3805522795
3805169331
3800747092
3800693596
3800631018
3800590820
3800522560
3800452827
3800387684
3800280235
3800204587
3798586839
3798530951
3798410405
3798324393
3798233744
3796719492
3796675902
3796582875
3796529751
3794869690
3794788676
3794701400
3793501170
3793451317
3793415092
3793366409
3793336491
3773545008
3773436674
3768972838
3768665017
3767358224
3765204718
3763798613
3745831943
3745760706
3744484565
3744421491
3744340908
3743825941
3736344849
3736305415
3736229638
3736183515
3734587547
3734555704
3731603683
3731538324
3731491920
3731376121
3731338977
3731217253
3731168784
3724487448
3724439574
3724378815
3724333126
3724298267
3724256858
3722792782
3722760700
3722715550
3722684335
3722631777
3721034914
3721009147
3720962058
3699683464
3699629974
3699567414
3699501022
3699449676
3697785916
3697760916
3696128956
3696094481
