4066891298
4066831697
4066615144
4066505440
4065140946
4065095713
4064939549
4064854156
4063643412
4063600107
4063465788
4063402142
4063225719
4063131418
4062062147
4062016236
4029657381
4029565239
4029436551
4027927929
4027858018
4027734654
4027640509
4026380872
4026310132
4026215919
4026170962
4024632580
4024579757
3969620539
3969556326
3969496101
3969427809
3969357638
3967391784
3967303905
3967214219
3965779077
3965702859
3965633377
3964015955
3963766315
3962007207
3960830625
3960583608
3960415965
3955162739
3955105373
3955048730
3954987049
3954965631
3954881673
3954835023
3954763505
3954673542
3953011486
3952902806
3952862353
3952828248
3917323099
3917196768
3917076539
3915279179
3915145827
3913231529
3913069866
3911466745
3911317677
3911193264
3909760210
3909654281
3909047737
3865436538
3862476678
3862347259
3860355983
3860228898
3858218113
3858123895
3856476310
3856371600
3853781987
3853738369
3853663055
3846467819
3846423194
3846376015
3844789160
3844753825
3844715646
3810598478
3808944568
3808588717
3807110470
3806747614
3805545412
3805168942
3794315872
3794215242
3793135633
3793030149
3787025435
3786966025
3786897767
3785473994
3785338253
3785252034
3784945327
3784894222
3784841338
3783519246
3783447476
3783292575
3783203719
3783126806
3783078056
3780311009
3780128734
3779971938
3779986175
3768329633
3766752458
3765946065
3763711443
3737894748
3737846062
3737762956
3737673751
3736232654
3736190853
3734603868
3734558051
3734241054
3734153775
3731295105
3731235940
3731166555
3731051117
3730932967
3729503818
3729421187
3729309863
3729199752
3729066074
3727656049
3727579168
3727472178
3727345726
3727233461
3726000224
3725957451
3724338154
3724309934
3724252193
3724184297
3724111801
3721160767
3721126516
3721038672
3721007519
3717660848
3717597560
3715527937
3715452696
3713831278
3713708731
3713497937
3713306900
3690859058
3687594391
3687262459
3687154463
3687074915
3677890174
3677847089
3677501971
3677394414
3675779844
3675728032
3675667881
3673848348
3673810304
3673763737
3673725612
3673639687
3672098681
3672047164
3671703106
3671630575
3671455981
3671351618
3662371483
3662259479
3660651721
3660359802
3660378428
3660317795
3635326955
3635271322
3635201303
4066891298
4066831697
4066615144
4066505440
4065140946
4065095713
4064939549
4064854156
4063643412
4063600107
4063465788
4063402142
4063225719
4063131418
4062062147
4062016236
4029657381
4029565239
4029436551
4027927929
4027858018
4027734654
4027640509
4026380872
4026310132
4026215919
4026170962
4024632580
4024579757
3969620539
3969556326
3969496101
3969427809
3969357638
3967391784
3967303905
3967214219
3965779077
3965702859
3965633377
3964015955
3963766315
3962007207
3960830625
3960583608
3960415965
3955162739
3955105373
3955048730
3954987049
3954965631
3954881673
3954835023
3954763505
3954673542
3953011486
3952902806
3952862353
3952828248
3917323099
3917196768
3917076539
3915279179
3915145827
3913231529
3913069866
3911466745
3911317677
3911193264
3909760210
3909654281
3909047737
3865436538
3862476678
3862347259
3860355983
3860228898
3858218113
3858123895
3856476310
3856371600
3853781987
3853738369
3853663055
3846467819
3846423194
3846376015
3844789160
3844753825
3844715646
3810598478
3808944568
3808588717
3807110470
3806747614
3805545412
3805168942
3794315872
3794215242
3793135633
3793030149
3787025435
3786966025
3786897767
3785473994
3785338253
3785252034
3784945327
3784894222
3784841338
3783519246
3783447476
3783292575
3783203719
3783126806
3783078056
3780311009
3780128734
3779971938
3779986175
3768329633
3766752458
3765946065
3763711443
3737894748
3737846062
3737762956
3737673751
3736232654
3736190853
3734603868
3734558051
3734241054
3734153775
3731295105
3731235940
3731166555
3731051117
3730932967
3729503818
3729421187
3729309863
3729199752
3729066074
3727656049
3727579168
3727472178
3727345726
3727233461
3726000224
3725957451
3724338154
3724309934
3724252193
3724184297
3724111801
3721160767
3721126516
3721038672
3721007519
3717660848
3717597560
3715527937
3715452696
3713831278
3713708731
3713497937
3713306900
3690859058
3687594391
3687262459
3687154463
3687074915
3677890174
3677847089
3677501971
3677394414
3675779844
3675728032
3675667881
3673848348
3673810304
3673763737
3673725612
3673639687
3672098681
3672047164
3671703106
3671630575
3671455981
3671351618
3662371483
3662259479
3660651721
3660359802
3660378428
3660317795
3635326955
3635271322
3635201303
4066891298
4066831697
4066615144
4066505440
4065140946
4065095713
4064939549
4064854156
4063643412
4063600107
4063465788
4063402142
4063225719
4063131418
4062062147
4062016236
4029657381
4029565239
4029436551
4027927929
4027858018
4027734654
4027640509
4026380872
4026310132
4026215919
4026170962
4024632580
4024579757
3969620539
3969556326
3969496101
3969427809
3969357638
3967391784
3967303905
3967214219
3965779077
3965702859
3965633377
3964015955
3963766315
3962007207
3960830625
3960583608
3960415965
3955162739
3955105373
3955048730
3954987049
3954965631
3954881673
3954835023
3954763505
3954673542
3953011486
3952902806
3952862353
3952828248
3917323099
3917196768
3917076539
3915279179
3915145827
3913231529
3913069866
3911466745
3911317677
3911193264
3909760210
3909654281
3909047737
3865436538
3862476678
3862347259
3860355983
3860228898
3858218113
3858123895
3856476310
3856371600
3853781987
3853738369
3853663055
3846467819
3846423194
3846376015
3844789160
3844753825
3844715646
3810598478
3808944568
3808588717
3807110470
3806747614
3805545412
3805168942
3794315872
3794215242
3793135633
3793030149
3787025435
3786966025
3786897767
3785473994
3785338253
3785252034
3784945327
3784894222
3784841338
3783519246
3783447476
3783292575
3783203719
3783126806
3783078056
3780311009
3780128734
3779971938
3779986175
3768329633
3766752458
3765946065
3763711443
3737894748
3737846062
3737762956
3737673751
3736232654
3736190853
3734603868
3734558051
3734241054
3734153775
3731295105
3731235940
3731166555
3731051117
3730932967
3729503818
3729421187
3729309863
3729199752
3729066074
3727656049
3727579168
3727472178
3727345726
3727233461
3726000224
3725957451
3724338154
3724309934
3724252193
3724184297
3724111801
3721160767
3721126516
3721038672
3721007519
3717660848
3717597560
3715527937
3715452696
3713831278
3713708731
3713497937
3713306900
3690859058
3687594391
3687262459
3687154463
3687074915
3677890174
3677847089
3677501971
3677394414
3675779844
3675728032
3675667881
3673848348
3673810304
3673763737
3673725612
3673639687
3672098681
3672047164
3671703106
3671630575
3671455981
3671351618
3662371483
3662259479
3660651721
3660359802
3660378428
3660317795
3635326955
3635271322
3635201303
