2163 21 59.85 2111 105248644 34505203 82262664 101356886 72312627 
39 20 61.59 2023 111620041 86745912 87276347 73562326 25907144 
1838315 19 67.30 2010 116585378 89117038 87278757 101450083 169025618 
1883502 18 59.54 2003 134556694 132851371 106573901 92423451 106809101 
3331948 17 56.58 1979 114239371 119576842 90882159 148215639 111189717 
46 16 60.38 1961 113331514 92847434 159020918 5150808 132739889 
15 15 59.93 1959 98878010 107081378 106863163 177416702 134276083 
1375614 14 62.61 1949 82327674 149486894 117281554 87012746 139876032 
3214108 13 60.52 1946 43276219 86799300 86726887 40547474 6922000 
2108395 12 61.27 1935 87196890 155494381 184950344 132309493 187619311 
2586976 11 63.99 1935 94155156 311360822 26771994 41231571 19672354 
350190 10 56.88 1909 93119769 126417273 102099826 112377459 93616251 
5 9 60.10 1899 140153524 205813150 129958758 207829314 90892734 
2512249 8 61.14 1874 30237211 154715080 88933594 315657960 145550466 
4593831 7 74.07 1863 75750590 98172857 86751819 86698277 86761682 
2640025 6 55.69 1837 137193239 173880329 111291593 103940975 103039499 
2672298 5 59.07 1818 242697694 97658618 99796146 155332459 194521913 
2581813 4 52.80 1814 192914280 180012313 91654584 122867857 323792491 
2659468 3 64.33 1807 94296097 101525357 89249333 113435203 113457795 
2626685 2 50.28 1801 160678812 168028715 158847773 255219872 397462905 
726228 1 60.66 1793 135384059 139937922 139280377 101695162 107803494 
