2163 21 60.00 2094 105248644 34505203 82262664 101356886 72312627 
39 20 61.59 2023 111620041 86745912 87276347 73562326 25907144 
1883502 19 59.54 2003 134556694 132851371 106573901 92423451 106809101 
3331948 18 56.58 1979 114239371 119576842 90882159 148215639 111189717 
15 17 59.93 1959 98878010 107081378 106863163 177416702 134276083 
1838315 16 66.93 1955 116585378 89117038 87278757 101450083 169025618 
1375614 15 62.61 1949 82327674 149486894 117281554 87012746 139876032 
3214108 14 60.52 1946 43276219 86799300 86726887 40547474 6922000 
46 13 60.47 1942 113331514 92847434 159020918 5150808 132739889 
2108395 12 61.27 1935 87196890 155494381 184950344 132309493 187619311 
2586976 11 63.99 1935 94155156 311360822 26771994 41231571 19672354 
350190 10 56.88 1909 93119769 126417273 102099826 112377459 93616251 
5 9 60.10 1899 140153524 205813150 129958758 207829314 90892734 
2512249 8 61.14 1874 30237211 154715080 88933594 315657960 145550466 
4593831 7 74.07 1863 75750590 98172857 86751819 86698277 86761682 
2640025 6 55.69 1837 137193239 173880329 111291593 103940975 103039499 
2581813 5 53.14 1827 192914280 180012313 122867857 91654584 323792491 
2672298 4 59.07 1818 242697694 97658618 99796146 155332459 194521913 
4251435 3 55.67 1810 87382579 103735745 86725175 86700461 38628747 
2659468 2 64.33 1807 94296097 101525357 89249333 113435203 113457795 
2626685 1 50.28 1801 160678812 168028715 158847773 255219872 397462905 
726228 0 60.66 1793 135384059 139937922 139280377 101695162 107803494