3330335155 mark
3330264429 mark
3330224716 mark
3330147109 mark
3330036964 mark
3328081715 mark
3328038592 mark
3327943594
3327855394
3241825287 mark
3241665434 mark
3241475535 mark
3241360537 mark
3238795882 mark
3238540842 mark
3235896984 mark
3235705862 mark
3235483600 mark
3230524940
3230425517
3228786798 mark
3228618966 mark
3228512352 mark
3227061790 mark
3226894905 mark
3226549989 mark
3226426077 mark
3226319720 mark
3195817999 mark
3195686768
3195573037
3195383160
3195266432
3194597378 mark
3194453869 mark
3194342552 mark
3190848836
3190695983
3190241106
3190155899
3176700913 mark
3176588039 mark
3176445805
3176294300
3175652467
3175552353
3174252897 mark
3174172918 mark
3174044578
3173910801
3168326700
3168267304
3146324886 mark
3146197371 mark
3146085916 mark
3142994571 mark
3142860818 mark
3142741991 mark
3139950764
3139858272
3139282085
3139188766
3139050421
3138094830
3138003121
3137462784 mark
3137360770 mark
3137262488 mark
3091480186
3084691162 mark
3084402972 mark
3084344226 mark
3083437700 mark
3083318471 mark
3082689492 mark
3082594701 mark
3081031452 mark
3080872675 mark
3080582346 mark
3080499473 mark
3022691596
3022528136
3022421923
3022275063
3021563452 mark
3021494571 mark
3017670954
3017538227
3017039372
3016975808
3016869728
2989649323
2989528495
2987642896
2987524070
2987413414
2985537145 mark
2985468097 mark
2978346983
2978221218
2974403760
2974171489
2973954222
2949488785
2949305603
2949039476
2948857919
2944989853
2944800004
2940748308
2940685387
2940560214
2940466874
2940441941
2938474954
2938404464
2936538368
2936465377
2860641055
2860561753
2860590350
2860477668
2853597033
2853451399
2853402547
2805241804
2805082605
2804920505
2802743986
2802775501
2802627490
2802459377
2802303938
2759029289
2758940801
2758951386
2758687202
2758556399
2758241073
2758086417
2756536301
2756407670
2754112360
2754028951
2752002464
2751901110
2751755320
2745421694 mark
2745278713 mark
2745115469 mark
2744863884
2744740675
2741865248 mark
2741787963 mark
2740818402 mark
2740725576
2740429436 mark
2739822782
2739526620
2739368825
2738365296
2738242665
2737968257
2734452096
2734318994
2727813625
2727672233
2727505966
2723384574
2723306714
2723133668 mark
2723014224 mark
2721319658
2721261967
2721119493
2721005610
2718918129 mark
2718785428 mark
2718649029
2717444292
2717363456
2717267408
2716813185
2715383801
2715277069
2708121940
2708009312
2704004787
2703926104
2564547149
2564485350
2562425844
2562388622
2562303634
2558534849
2551633824
2551542809
2551474091
2551398734
2549644214
3299741115 mark
3299636632 mark
3299540341 mark
3298148289
3298053396
3296169019 mark
3295942041 mark
3295677794 mark
3295524365
3293987468 mark
3293670483
3293480465 mark
3238220510 mark
3238049423 mark
3230765456 mark
3230649585 mark
3230272118
3230195644
3228462946 mark
3228358559 mark
3228254406 mark
3226368413 mark
3226270493 mark
3209829498 mark
3209586889 mark
3209412956 mark
3209295791 mark
3208996220 mark
3208760234 mark
3208642510 mark
3205094163 mark
3204934571 mark
3203255425 mark
3203110172 mark
3203015286 mark
3202817250
3202675514
3148721353 mark
3148575443 mark
3147569106
3147464579
3147338543
3145102364 mark
3144980236 mark
3139776903 mark
3139633624 mark
3139507911 mark
3138877020 mark
3138784941 mark
3138170103
3138062271
3137930231
3137421315 mark
3137325049 mark
3094916518 mark
3094834557 mark
3094763500 mark
3093041474
3092888633
3091214026
3084258454 mark
3084204099 mark
3082348123 mark
3082279742 mark
3081228796 mark
3081124433 mark
3080811564 mark
3080691275 mark
3061225864
3061167739
3061101068
3033148738
3033099678
3033038349
3032935500
2933092997 mark
2932890423
2932903146
2932882162
2932729903
2932646436
2932295320
2932144938
2930625813
2930548519
2930456403
2929457462
2929339617
2929231317
2836231646 mark
2836078773 mark
2833537989 mark
2833437475 mark
2829658696
2829560626
2823859767
2823803700
2823734630
2823643177
2823591515
2823269532
2823119377
2822992109
2799103114 mark
2799046764 mark
2798856666 mark
2792518645 mark
2792438890 mark
2792354133 mark
2790305415
2790242152
2790192905
2789844068 mark
2789737402 mark
2785448115 mark
2785402676 mark
2785327828
2785280169
2785210504
2774602176 mark
2773873863
2772109351
2772035803
2771891830
2771818655
2763819936 mark
2763784293 mark
2763727812 mark
2763657161 mark
2761684165 mark
2761620508 mark
2756349405 mark
2756258311 mark
2756113153 mark
2754333572 mark
2754297176 mark
2754255029 mark
2752323730
2752288404
2752216887
2750044073
2749973259
2683853782
2683864078
2683682946
2683495393
2683309223
2682989099 mark
2682879623 mark
2682745535 mark
2680673019
2680540231
2678250134
2678164166
2678048298
2674644594
2674540208
2674424505
2674123837
2674045536
2673965642
2569227952
2569119771
2569011425
2566800064
2566725198
2562671370
2562582896
2560226228
2560158271
2551334799
2551219428
2551042502
2550972124
2549222661 mark
2549111670 mark
2548970550
2548908956
2547354532
2547301927
2547165450
2547115445
2547012516
2546938575
2524202291
2524119811
2524031077
2521929716
2521888035
2519727701
2519681958
2464459513
2464402989
2464347560
3259012549 mark
3258970732 mark
3258915301 mark
3258835977 mark
3258737947 mark
3258613234
3258445124
3256489256 mark
3256432686 mark
3256343383 mark
3256260474 mark
3256168980 mark
3249593788
3249548115
3249497023
3249120421 mark
3249004797 mark
3228862847 mark
3228730870 mark
3228598209 mark
3226859073 mark
3226722839 mark
3225170101
3225048663
3196027182
3195956915
3195812905
3195651041
3193719922
3193576156
3193386325 mark
3193230372 mark
3189457454
3189341121
3188976750 mark
3188870525 mark
3188778932 mark
3187362449 mark
3187247990 mark
3187076918
3186937466
3186829797
3182072037 mark
3181939390 mark
3181785961 mark
3149572447 mark
3149480550 mark
3149353238 mark
3149215336 mark
3149054430 mark
3148357328 mark
3148230043 mark
3147190590
3147083553
3146937153
3143516306 mark
3143459631 mark
3138908078 mark
3138772596 mark
3137907375
3137764244
3137652123
3137347019
3137237965
3082065542
3082000655
3081941914
3081860088
3081786452
3053502388
3053424880
3051727030 mark
3051652031 mark
3051542593 mark
3051030608
3050891873
3050737359
3049521638
3049332545
3048837583
3048503481
3048303199
3047026684
3046758563 mark
3046303404
3046345475
3045936211
2980356827
2969820681
2931616151
2928405645
2928296293
2927313529
2927197348
2900041187 mark
2899868494 mark
2897508853 mark
2897407468
2897415426 mark
2897294037 mark
2897061225
2897057724
2897064589
2829359016
2829238708
2820818740 mark
2820716541 mark
2820548438 mark
2820436440 mark
2792743374 mark
2792706825 mark
2792644393 mark
2787674014 mark
2787628023 mark
2787593845 mark
2783336928
2783292895
2783058976
2782979357
2782906184
2763648410
2763588259
2761494580
2761501729 mark
2761419323 mark
2761329697 mark
2761247345 mark
2761136622 mark
2760988203
2760844196
2760714569
2756491371
2756412495
2756266984
2756144907
2751994184 mark
2751902069 mark
2751493689
2751344295
2742488657 mark
2742296197 mark
2740099399 mark
2739945449
2739706757
2739373619
2738595659
2738512449
2737636507
2737507041
2736611319
2736535496
2734777605
2734752494
2734691591
2730344894
2730231450
2719361223
2719307202
2719226671
2719116845
2717155735
2717058055
2716954240
2715176538
2715080172
2714912582
2712507877
2712341613
2706112060
2706026434
2703800163
2703687011
2671322845
2671254741
2671168361
2671053639
2670958140
2666539352
2666414264
2664082722
2663984811
2661885609
2661785371
3303237697 mark
3303060879 mark
3302909406 mark
3302738508 mark
3302605423 mark
3300572975 mark
3300412341 mark
3300318091 mark
3297886910 mark
3297806513 mark
3295827228 mark
3295612329
3294646415 mark
3294115417 mark
3293817925
3293565273 mark
3281076896 mark
3280962519 mark
3280816387 mark
3280710379 mark
3280624478 mark
3279200648
3278894409
3278779071
3278549233 mark
3277526459
3277141049 mark
3276799406
3276616978 mark
3276453310
3232253082 mark
3232133974 mark
3228353356
3228247221
3225158198 mark
3225052468 mark
3169191517
3169051489
3168979910
3168880401
3168799670
3168727939
3167496899
3167346840
3167198314
3166997279
3166900519
3166674845
3164547740
3164542057
3117724659
3117560428
3117466119
3115620923
3115513870
3115439923
3115295331
3115220977
3113523591
3113412822
3113338204
3105590386
3105456358
3105100845
3105001416
3103296626
3103202346
3101008162
3100916958
3090867502
3084261916
3084205752
3083179978
3083063877
3082335375
3082279911
3081029880
3080937218
3080567585
3080503377
3076480843
3076368258
3070218610
3070146177
3066890860
3066813955
3066683344
3065229932
3065053271
3064052164
3063962894
3063026059
3062819846
3062629138
3062293915
3062195454
3059697961 mark
3059628520 mark
3059545002
3059489258
3050946374
3050580079
3050291453
3050006147
3049909521
3048426587
3048064364
3047665194
3047492471
2916790625
2916680574
2916552825
2916492126
2916414858
2914605091
2914475405
2914169535
2914098996
2912673536
2912548426
2912195755
2912107760
2911933046
2881540459
2881447593
2848129547
2848053078
2847945133
2847520490
2847434099
2845708432
2845746482
2845524409
2845433410
2834369465
2834316936
2834259534
2832112211
2832036974
2821196526
2821126393
2820588457
2820469075
2799713711
2799590370
2799511049
2797678120
2797568766
2797460261
2786553478
2786442759
2786035377
2785950776
2784120597 mark
2784032843 mark
2775303508
2775189009
2773142621
2773036508
2770973586
2770842124
2770613188 mark
2770529060 mark
2770238650 mark
2770151783 mark
2768558266
2768468555
2762601073
2762525413
2760753044
2760602481
2758130654
2758014435
2755003866
2754891151
2754737222
2754672097
2748891619
2748783441
2748505635
2748405295
2746159407
2746089041
2743891515
2743805307
2742378319
2742259068
2742112250
2741791552
2741548006
2739757784
2739356374
2739185023
2739095086
3302295749 mark
3302143836 mark
3302047948 mark
3297677969 mark
3297590251 mark
3296223071 mark
3295931556 mark
3295598318
3294454107
3293754225 mark
3282839690 mark
3282763119 mark
3282621169 mark
3282551966 mark
3280520447 mark
3280440654
3279048358
3278764475
3278455612 mark
3278401709
3277312254
3276896729
3276680686
3276393725
3253996038
3253944288
3249431023
3249356121
3249258873
3178037309
3177866170
3177715945
3177596773
3177477063
3175473479
3175366856
3175170931 mark
3175065918 mark
3170828736
3170748781
3170680451
3169129328
3169028469
3166759197 mark
3166682283 mark
3164964520
3164845962
3121548471 mark
3121429987 mark
3121295778
3121205119
3119339649
3119235132
3117324700
3117237435
3117150023
3115904141
3115552275
3115460951
3115346019
3115224809
3115142627
3111597989
3111517837
3101196298
3101088124
3100823212
3100765591
3079362370
3079250397
3079113711
3078991011
3076244318
3076155283
3074663057
3074570195
3072174625
3072105892
3070982469 mark
3070846051 mark
3070718173 mark
3070573441 mark
3069186528
3069061039
3068930245
3067362154 mark
3067224401 mark
3067051591 mark
3064727959
3064631156
3062392851
3062271959
3062157288
3061672764 mark
3061556152 mark
3058467539 mark
3058358927 mark
3051537415 mark
3051244255
3050699660
3050077557
3050006680
3048452954
3048200698 mark
3047831860 mark
3047563899
2914820980
2914725479
2914340431
2914272035
2914026555
2913972887
2912457483
2912351690
2912047092
2912003522
2893416032
2893297350
2890672917
2890588310
2883749589 mark
2883642981 mark
2882133049 mark
2881964961 mark
2881841250 mark
2881307600
2881229185
2881143717
2875452710
2875296755
2875192015
2875215155
2855734938
2855592278
2855535955
2855356882
2847857509
2847738939
2847337046
2847256008
2823495438
2823424811
2823125045
2822991559
2806993380 mark
2806889517 mark
2806450135
2806327908
2804306493
2804217569
2803795338 mark
2803680024 mark
2802354281 mark
2802216971 mark
2802074738 mark
2801945405 mark
2801789876 mark
2800234485
2800091671
2799894953
2795538274
2795431634
2791323572
2791129333
2790960321
2790779078
2790650572
2789081232
2788972361
3329877327 mark
3329765252 mark
3328375973
3328295135
3328189164
3327734953 mark
3327492335 mark
3327331102 mark
3278008510
3277794775
3277691703 mark
3277009111
3276820653
3276025150
3275683703
3275563733
3275011120
3251694636
3251652729
3251572084 mark
3251500957 mark
3251406866 mark
3235116774 mark
3234831963 mark
3231018652 mark
3230930003 mark
3230203167
3229155975
3229029006
3204464181 mark
3204375223 mark
3204271432 mark
3202582473 mark
3202527864 mark
3202378832 mark
3191299265
3191145157
3184742091 mark
3184542908 mark
3178906000
3178760777
3172262406
3172197058
3172135818
3172011068
3171919324
3170197181
3170115907
3168161006 mark
3168046549
3166237833
3166167711
3166073199
3165923739
3161837859
3161782355
3161689588
3159385619
3159307895
3145389817
3145310611
3145229865
3139089878 mark
3139007373 mark
3137824197
3137700702
3137154342
3137076847
3053712988
3053641442
3051480772
3051343554
3050857164
3050739965
3049640628
3049073093
3048923166
3048653853
3047184637
3046994814
3046719189
3046341244
3046046579
3019798451 mark
3019669867 mark
3019553801 mark
3015373220 mark
3015249063 mark
3015128915 mark
3015051422 mark
2987313759
2987211184
2987084211
2983258686
2983122292
2981092405
2980900253
2974919250
2974745922
2974542152
2967735162
2967565653
2964744195
2964553821
2961091852
2960936576
2957662180
2957478966
2956770468
2956564873
2953035892
2952783140
2931766674
2930064797
2929911267
2929717752
2775816795
2775663298
2775512649
2773321611
2773141369
2772990290
2770312000
2770213728
2769994469
2769935411
2768285349
2768203713
2742072564
2741957127
2740634318
2740335070
2739585043
2738454486
2738098377
2737765606
2737422908
2728261141
2728188375
2728066629
2727977540
2721400291
2721329773
2721269191
2720691142
2720576947
2716960238
2680978460 mark
2680843902 mark
2680373276
2676276054
2676167491
2676079441
2675796143
2675743100
2673871205
2673815580
2673749773
2558387942
2551419679
2551353251
2549658092
2549589275
3300913642 mark
3300751087 mark
3300164963 mark
3300020028
3300027211 mark
3299899882 mark
3296091113
3295538121 mark
3293701306 mark
3293503080
3257003401 mark
3256853810 mark
3256744713 mark
3254426673 mark
3254314244 mark
3254189317 mark
3250773538
3250608521
3250436168
3250269020 mark
3249994219 mark
3249779611
3221355623 mark
3221277962 mark
3221170331
3221089620 mark
3219138311
3219081282
3219013471
3213205645
3213214106
3212969722 mark
3203120505 mark
3203009550 mark
3194968232
3194795477
3193230004
3193061976
3192520033
3192339358
3192225639
3190527737
3190377823
3173613618 mark
3173425070 mark
3173278037
3173186555
3173098656
3164732533
3164636763
3162498830
3139885713
3139778329
3138150479
3138060601
3137939382
3137420384
3137304243
3119824132 mark
3119672623 mark
3119559531 mark
3117566878
3117463033
3115789845 mark
3115657570 mark
3107992768
3107881131
3103523157 mark
3103421920 mark
3096835333 mark
3096748100 mark
3095509423 mark
3095399977 mark
3090381445 mark
3090280204 mark
3084557475 mark
3084475590 mark
3083279182
3083141001 mark
3080441011 mark
3080372753 mark
3074439184
3074359324
3070798721
3070705867
3070437713
3070331101
3065009185
3064900214
3062549121 mark
3062400690 mark
3060051191
3059968931
2903156692
2903034738
2902841141
2902847580
2902639704
2902480830
2902215999
2902193440
2902067614
2901935479
2897074199 mark
2884321635 mark
2884167941 mark
2884054852 mark
2859816969
2859738730
2859597242
2859638646 mark
2859494506 mark
2845141771
2845065853
2845056529
2844633282
2844663435
2831962783
2831918164
2831866118
2821348805 mark
2821280690 mark
2820559380
2820449640
2807309573
2807194288
2806675307
2806579493
2804660759
2804535848
2801642000
2801562388
2801445083
2795995608
2795836025
2791440714
2791274737
2791156056
2788831781
2788665828
2788130527
3278690226
3278590724 mark
3278470259
3278326373 mark
3277914056
3276543914
3276456688
3276229201
3276160699
3275918719
3256030495
3255901893
3253659188 mark
3253547579 mark
3253422934 mark
3219368245
3219270582
3214988381
3213387845
3207303078
3207155582
3207007686
3206345153 mark
3206271245
3202564238 mark
3202452265 mark
3202378726 mark
3180200650 mark
3180132370 mark
3180067427 mark
3179956941 mark
3179886735 mark
3179783370 mark
3179693337 mark
3179532280 mark
3177247057 mark
3177157234 mark
3177054672
3176979515
3176916233
3174494337
3174446135
3172399098
3172353011
3168441996
3168426915
3168382242
3168319469
3166472638
3166437920
3166320688
3166244251
3164298579
3164303907
3164260875
3091016058
3082930927 mark
3082843379 mark
3081676251 mark
3081501692 mark
3053809319
3053760825
3052186521
3052125327
3052079302
3051890184
3051823399
3051731591
3049694152
3049607382
3049320069
3047305253
3047222869
3046996586
2994783634
2994731712
2994643113
2994658278
2994582204
2992344935
2992254380
2990098074
2990045419
2979097192
2979022392
2975288006
2975141703
2971840251
2968533243
2968434852
2961475540
2961404307
2958170109
2958055364
2957678674
2957578833
2945172634
2944942953
2938754915
2938712197
2938693243
2936819899
2936745223
2899277641
2899199807
2834188057
2834127377
2831737291
2831657596
2831566413
2821154248
2821083601
2821010405
2798779681 mark
2798710575
2798713380 mark
2798608216
2798545179
2798471869
2787267836
2787168006
2783229760
2783147708
2777093187
2776990690
2774862241
2774777024
2774696886
2774076185
2769830727
2769778152
2769458977
2769349680
2769195226
2761646567
2761567444
2761538950
2752492298
2752417626
2752376334
2750214616
2750160277
2745753559
2745684725
2743155000
2743037193
2742937255
2741056485
2740960816
2740785367
2740497200
2738812191
2738673858
2738480868
3321915111
3321834901
3321740752
3321648101
3321517430
3309654081
3309597087
3309341404
3309261095
3281780707
3281628099
3281467339
3279800052
3279683317
3279646718
3279441980
3279270347
3278014140
3277853682
3277360472
3277209959
3276945212
3276013632
3275686186
3275183011
3275066534
3218611351
3218413554
3218120772
3217986927
3216267229
3216114597
3215976471
3214654590
3214578635
3214462160
3214350650
3214221605
3212309042
3212181658
3212058797
3203472938
3200136270
3200071626
3196255180
3196177646
3191705838
3191602004
3181511357
3181293616
3179476957
3179289623
3179103132
3178869138
3178589992
3178374532
3176164840
3176019247
3175770526
3175600767
3175497089
3173757339
3173298198
3173205910
3167938430
3167734991
3166115423
3166035771
3165908750
3165798050
3165602911
3165429759
3165318507
3163426380
3163285247
3161355752
3161227598
3159192513
3159076668
3158695425
3158547262
3157596729
3157507860
3153218043
3129869468
3129747936
3129691775
3124644956
3124569646
3124453404
3116534951
3116481771
3116401911
3116333596
3116184404
3093455307 mark
3093335320 mark
3093186847 mark
3090716347 mark
3090592960 mark
3090506739 mark
3084574881
3084490312
3083607335
3083443258
3082703686 mark
3082612437 mark
3081556630
3081418147
3069547377
3069462530
3067355971
3067280130
3063575814
3063504719
3063385803
3053242812
3053096022
3052963609
3051377511
3051250674
3051154611
3049446853
3049187600
3048629502
3048261972
3048140131
3047134927
3046178890
3046015992
3030932026
3030837216
3018365634
3018201173
3012742423
3012671637
3012587040
3001477403
2996369926
2996284130
2996187887
2994362207
2994271170
2992074431
2991926227
2991827866
2978066219
2977907901
2977712951
2974303865
2974151846
2974011492
2896265083
2891913151
2891812312
2889826686
2889713298
2889611758
2882494736
2878625462
2878223872
2878110644
2864954957
2864869665
2864768766
2864647167
2856361850
2856255786
3277609129 mark
3276779761 mark
3276630734
3276481968
3275405570
3274816116
3274669416
3274394099
3255003447 mark
3254828299 mark
3254647745 mark
3252663741
3252641663
3252611117
3252443327
3252398570
3252088490
3252000365
3251940945
3251854618
3250134558
3249851438
3249769930
3189029403
3188810567
3188202852
3188134419
3169403528
3169312660
3169208514
3162752866
3162636427
3162514732
3161077574
3160881740
3160757162
3160546059
3158889625
3158743406
3158415334
3158345091
3144277462
3144175535
3144097046
3140008780
3139957604
3139882151
3137947452 mark
3137800908 mark
3137684735 mark
3119752275 mark
3119621304 mark
3117727808
3117580281
3117431107
3106109681 mark
3105980778 mark
3105842850 mark
3103669471
3103515457
3052725203
3052604418
3052509281
3052409831
3052353620
3052273459
3050501207
3050371528
3050198757
3048768269
3048014577
3047835883
3047649227
3046496478
3046318564
3045976946
3045682599
3045498557
3019107360 mark
3019035018 mark
3014944497 mark
3014869433 mark
3005831207
3005719581
3005491044
3005342375
3001656145
3001543467
3001338560
3001258873
2988397066
2988308823
2986537078
2986432328
2986341487
2984862241
2984744617
2984639741
2976515921
2976385447
2972367043
2972204245
2937718328
2937622175
2936097094
2935963848
2935571623
2935481448
2933839164
2933762291
2931812218
2931731104
2925551833
2925450543
2923325494
2923213865
2916670126
2916584067
2916500234
2915244353
2915053760
2914541014
2914404217
2914322816
2912747881
2912626306
2912377707
2912256312
2912027206
2911969546
2910722089
2910611619
2910305373
2910227148
2772705743
2772593133
2772513214
2772296828
2772199908
2768601930
2768509410
2753350656
2753248807
2739588641
2739434764
2739254368
2739068804
2738990808
2737580331
2737218263
2737001961
2657135047
2657039842
2655509487
2655367015
2650973028
2650747304
2564408925
2564310434
2564211031
2560377671
2560320998
2558332885
2551292188
2551217301
2551078113
2550969678
2549029930
2548889995
2547331853
2547286015
2547200329
2547137044
2547014655
2546935618
2463492421
2463296249
2463049102
2462927947
2462768739
3296070755
3295721949 mark
3294264330
3226648144
3226506568
3206775767
3206650679
3206524339
3146730782
3146595270
3146474108
3144797892
3144607791
3144437316
3139768515 mark
3139652866 mark
3139522868 mark
3139141584
3139052266
3138972122
3137782735 mark
3137643518 mark
3137225459
3137147095
3137046741
3097263923 mark
3097156080 mark
3097027819 mark
3095239462 mark
3095156337
3095178259 mark
3095014807 mark
3084383551
3084312846
3080759588
3080665877
3080430453
3080373475
3021982129
3021828707
3021697759
3004301483
3004233472
3004155377
3004059886
2996533153
2996459060
2994598672
2994535806
2994454005
2991714067
2991607520
2932445392
2927955175
2927799177
2927599290
2927549621
2851357162
2851279116
2851174425
2851013927
2850897460
2846395111
2846261699
2837037509
2836936292
2836855662
2836751528
2834006526 mark
2833913465 mark
2833759265 mark
2829954318
2829894984
2823499921
2823417053
2823342211
2823227159
2823111077
2822992967
2785114392
2784988882
2758662234
2758509542
2756521987
2756460688
2754001919
2752301881
2752216007
2752105396
2717116197
2680048021
2677941169
2677868731
2677795728
2676457888
2676379849
2674016347
2673934091
2558113366
2558033556
2557955371
2551241703
2551170074
2549200733
2549139153
2549023865
2548899546
2547208285
3278950978
3278922249
3278815320
3278536469 mark
3278458053 mark
3276940060
3276455223
3275492852
3275248394
3274927926
3274557442
3274393974
3217100388
3217040638
3216972655
3213566656
3173204867
3173097716
3169031283
3168943785
3163124290
3163004315
3162901716
3135157693
3135052173
3133592829 mark
3133488289 mark
3132875737
3132794026
3115805447
3115701263
3113953197
3113874541
3113711851
3113609338
3113512323
3111740760
3111681507
3110246148
3110125765
3109912860
3109824773
3108575859
3108453320
3108244713
2937986860
2937890666
2935809823
2935706515
2934192355
2934031978
2932155442
2932002833
2929361668
2925026686
2924937917
2770300445
2770211754
2769999991
2769934150
2768279390
2768190312
2743690402
2743564450
2743495470
2741585092
2741389688
2739236684
2739155707
2737494785
2737515540
2737325203
2737135197
2736997513
2736907451
2714052908
2713893418
2713766674
2711930641
2711770146
2711641937
2711650212
2708676118
2708604050
2706886080
2706788034
2700779068
2700668641
2636600744
2634973789
2633734776
2633603755
2633497272
2566934520
2566866066
2566594115
2566482748
2562207201
2562091541
2558473213
2551558915
2551509577
2551458951
2551385390
2549584654
2549509878
2549424687
2549351943
2549304968
2547592629
2547541147
2547438767
2547404209
2526429133
2526354357
2524532644
2524443650
2523925191
2523836370
2523718598
2521547512
2521458298
2521344018
2519381339
2519304127
2519205206
2508903361
2508820859
2508732666
2502478249
2502428208
2502387920
2502305932
2502229047
2490786972
2490610417
2490453752
2490300202
2488249740
2488113093
2467731883
2467593841
2467478609
2467373931
2466903757
2466812760
2464626644
2464572308
2463161660
2463047834
2462735745
2462479057
2462251386
2460572757
2460435158
2460167956
2459947585
2459839444
2444663195
2444509429
2442341011
2442204165
2442011484
2426001580
2425850818
2423773495
2423662664
2420952614
2420842637
2420758956
2412232933
2412105328
2411940567
2411460113
2411342644
2411196189
2410966933
2410895838
2395420018
2395282129
2395144767
3298491955
3298298741
3293870231
3293595807
3230757012 mark
3230626855 mark
3230470680 mark
3227171653
3227023373
3202871566
3202762306
3202672292
3192864490
3192701000
3192079643
3191986528
3168912978 mark
3168811846 mark
3168722698 mark
3166810612
3142583303
3142488820
3142390443
3137130045
3137048108
3122034132 mark
3121875138
3121770658
3121611119
3121511821
3121279742
3121296726 mark
3121182980 mark
3119351316
3119236752
3115842248
3115720297
3111838965 mark
3111761470 mark
3107779938
3107622917
3107460306
3107396330
3105319047
3105230549
3082511745 mark
3082413645 mark
3076784452 mark
3076643917 mark
3072575087
3072477449
3072358982 mark
3072270553 mark
3068695712
3068600874
3064305159 mark
3064201319 mark
3062778358 mark
3062585246 mark
3056458422
3056374006
3054488401 mark
3054390158 mark
3054282641 mark
3052759824 mark
3052656122 mark
3052573239
3052338284 mark
3052273647 mark
3052224558 mark
3051075730
3050285208
3050090468
3049909705
3048346411 mark
3047746830
3047642996
2931948355
2928113988
2914586394
2914446271
2912526011
2912445452
2912240952
2912153276
2911941849
2895808016 mark
2895626038 mark
2895480406 mark
2890923009
2890835722
2875277415
2875201550
2874710324
2874629195
2872704848
2872642341
2804050084
2803949910
2797957953
2797832936
3282553363
3282475291
3282412777
3282333669
3282263076
3282203829
3280569987
3280495952
3280437500
3280349437 mark
3280290578 mark
3280219317 mark
3279990287
3278794972
3278675143
3278365944
3278279523
3277991178
3276531419
3276384723
3276333514 mark
3276098324
3276002094
3276010559
3253877086
3253812229
3215483917
3215371257
3176782834
3176648614
3172405625
3172368530
3170477743
3170432539
3166616641
3166564380
3143329659
3143205143
3019353415
3019241625
3017353522
3017221173
2992561442
2992490252
2992440348
2983844150
2983786347
2981833288
2981775771
2971715011
2971578484
2971447386
2964834126
2964687795
2961299635
2961190336
2953936233
2953853651
2950026895
2949911569
2940942307
2940911046
2930254550
2898057696
2897839994
2897669822
2897155244
2836552005
2836411803
2831392646
2831265624
2821032949
2820936252
2790068477
2789993878
2787526941
2787439607
2787378013
2761698030
2761639591
2753957843
2753860963
2753757389
2569610900
2569531910
2569470828
2569415435
2564666119
2564619977
2560502724
2560446360
2558290213
2558255566
2558190331
2551608784
2551542175
2549479137
2549420309
2549370824
2549312032
2547470370
2547401914
2522163083
2522078549
2521988223
2519578655
2519500261
2508641831
2508519627
2506349579
2506261838
2491680573
2491605871
2489425593
2489350478
2489260740
2485030583
2484943506
2477849405
2477800088
2477746257
2473125373
2473082189
2468922471
2468846659
2468766885
3281992071
3281910109
3281917774
3281806883
3281703281
3281439600
3281300755
3281132641
3281023107
3280916901
3279564078
3279352903
3279245214
3277799119
3277147265
3277032932
3276104603
3275764122
3275399089
3274908009
3274794292
3274044106
3273984397
3273762335
3273682019
3273529667
3273406205
3273198469
3271533573
3271361745
3271300655
3271167229
3271091560
3269300934
3269177095
3269073509
3268972959
3268658255
3268525602
3267108167
3267007062
3266755167
3266669995
3264795254
3264666466
3264475193
3260908794
3260819879
3260732358
3256134112
3255993998
3250984139
3250809289
3279392401
3278707616
3278548190
3278458756 mark
3276957488
3276692247
3276519753
3249909565
3249764299
3217296290
3217181531
3213067383
3162679602 mark
3162510385 mark
3138849710
3138779907
3138232418
3138154278
3138061022
3137212042
3137133270
3137048517
3119032036
3118949270
3117077292
3117053945
3116981316
3116909612
3105842270
3105711723
3092701862
3092610492
3092535908
3074236350
3074166936
3064897209 mark
3064754816 mark
3064641857 mark
3062112597 mark
3062019131 mark
3060335733 mark
3060184044 mark
3058038253
3057978475
3057893021
3057837348
3056712176
3056573605
3052498927
3052432253
3051413009
3050973393 mark
3050762338
3050445400
3050172000
3048603306
3047560937
2917131659
2917034964
2916844783 mark
2916745666 mark
2916674017 mark
2914862113 mark
2914766868 mark
2914388148
2914286798
2912361376
2912302758
2893170323
2893059769
2889067403
2888927298
2879994794
2879848882
2879698998
2874688069
2874626864
2872356307
2872300334
2860050176
2859956166
2857676981
2857592475
2849873307
2849755256
2849636859
2849553097
2849458439
2847295846
2847302419
2847184720
2845297899
2844545983
2823694085
2823641611
2823584846
2791944941
2791786924
2786297644
2786166833
2772418512
2770695776
2770560829
2770424059
2770373013
2766810328
2766661245
2766356694
3319314655
3319180083
3319020460
3318885010
3317017452
3316896141
3315212230
3315071285
3314898026
3313023637
3312901992
3312763472
3308645107
3308571561
3306756039
3306637213
3304773866
3304678082
3280960198
3280868403
3280779062
3280678605
3280581397
3280507299
3277744144
3277715201
3277066837
3276550251
3276393537
3275206476
3275012710
3274481444
3268866621
3268668060
3268476566
3268336723
3268239820
3268089770
3266375635
3266265373
3266107003
3265956600
3190851402
3190693688
3183642417
3183517892
3183420878
3178469207
3178221156
3178085343
3177721715
3177621173
3176278569
3176111184
3176048687
3169681187
3169535101
3165568874
3165445224
3164990402
3164886797
3158760403
3158662908
3158517068
3158410031
3158337115
3152626375
3152566926
3150777192
3150454026
3129298323
3129218870
3127445343
3124003539
3123891198
3123758895
3119708265
3119616191
3117796245
3117775703
3117602588
3117482186
3113604406
3113547446
3113396753
3113329729
3112099135
3111985866
3108008182
3107851814
3103697483
3103572892
3101881334
3101729553
3099834384
3099658458
3083356980
3083258093
3083107298
3081568973
3081442681
3080986135
3080907697
3080836639
3079641087
3079540374
3074602419
3074455184
3074348922
3074248534
3074176776
3070684942
3070586586
3069039614
3068952703
3065393497
3065304314
3065195931
3056817837
3056692987
3056251254
3056190708
3048576752
3048290719
3048088526
3047637017
3047493774
3046074799
3045880650
3045424107
3030381197
3030280075
3022715515
3022638167
3013750730
3010179177
3010066730
3008300918
3008161872
3007996626
3007804158
2979953656
2979825842
2979737413
2972978607
2972824737
2972634851
2937483886
2937395309
2933619472
2933526360
2931608337
2931428817
2927566891
2927421727
2921367354
2921281135
2921289816
2900410744
2900244171
2899672816
2899561092
2899438605
2859643364
2859617090
2859520032
2859494766
2855933337
2855895541
2855706828
2855536534
2855350287
2855399508
2854760149
2854647291
2853134038
2852953438
2852705065
2852447317
2852292976
2809357386
2809219106
2806724051
2806590768
2806485494
2804299313
2804116080
2803970524
3303399083
3299505297
3299451018
3299354377
3282300073
3282243909
3282193242
3280170927
3280117786
3280002255
3279907240
3278554450
3278370778
3278171855
3277897323
3276529430
3276246388
3276156941
3275738929
3249889032
3249766325
3242565631
3242501668
3242430132
3242401948
3240161612
3240078939
3240086740
3239358776
3238954677
3225512414
3225432207
3218960737
3218908053
3218798615
3216795099
3216697654
3214987798
3212772508
3202257413
3202221138
3202194955
3200320861
3200277095
3198418843
3198371067
3194167693
3194117006
3194037413
3189850821
3189817707
3168505351 mark
3168473309 mark
3164439364
3164370241
3164376207
3164318697
3164067714
3163996103
3163936865
3161695271
3161379302
3053487404
3053386900
3051920671
3051844059
3049835956
3049710175
3049629171
3049192050
3047588593
3047500243
3047240373
3047017541
3046767664
3045250668
3041456353
3041353830
2975540941
2975454784
2949777215
2949654188
2945426353
2945437594
2945279574
2941206071
2941102313
2938963655
2938923627
2917087356
2916939544
2916825477
2914810665
2914672760
2914598448
2914391799
2914306895
2914131399
2914075694
2912617942
2912523653
2912396332
2912250384
2912047290
2911990259
2910282408
2910215771
2883299910
2883261222
2883164402
2881277075
2881225937
2881147903
2881075189
2876456125
2876401628
2876355687
2867313126
2867248508
2863130634
2863093560
2863053784
2856977455
2856917049
2849058593
2849034840
2848964766
2844615916
2844647758
2844533751
2844559884
2844276113
2844198073
2812400996
2812350773
2810415719
2808251455
2806175311
2806100392
2794938676
2794891284
2785397865
2781274033
2781237599
2763958954
2763897966
2763724205
2763668231
2745911794
2745864723
2745830432
2743414037
2743352161
2740966265
2740851412
2740663777
2738872552
2738678785
2738348820
2730623327
2730533456
2730432722
2729801094
2729678939
2729539874
2727610491
2727428126
2727005615
2677839586
2677775647
2677718897
2677667739
2677624868
2677586110
2667384586
2667295362
2667251333
2660227960
2660185249
2660153361
2656346968
2656242896
2635697623
2635642936
2635417108
3282102427
3282010340
3278498607
3278232189
3277922412
3277830387
3276392063
3276090822
3275808794
3250770702
3250617042
3229122443
3228976719
3216826601
3216779943
3216489929
3216390230
3214516591
3214388232
3174669160
3174597350
3174498935
3174458572
3174406527
3174393309
3174409196
3174387615
3174293159
3172518289
3172480723
3170555839
3168664511
3168610975
3168626396
3166491316
3166432489
3164474906
3164417850
3138956853
3138850326
3138775969
3273223507
3273071194
3272953013
3272595212
3265984224
3180426986
3180330881
3180231922
3175615070
3175483077
3175239236
3175094308
3175000659
3141114465
3141002129
3140869489
3140795711
3130750258
3127360389
3121956726
3121840741
3121723977
3121532462
3121387871
3117288094
3117159487
3115201436
3115140837
3113610845
3113513704
3111859526
3111757721
3111686537
3110382717
3110279472
3110137351
3109923189
3109822574
3107748871
3107614060
3107513783
3101982828
3101868251
3101725581
3099322284
3099222749
3097374718
3097284723
3093207477
3093093115
3072464430
3072363361
3072276422
3070989916
3070788533
3066948068
3066784462
3062489509
3062281413
3048570623
3048404511
3047809080
3047728444
3047562405
3046328361
3045690961
3045590815
3040851250
3040743560
3040590834
3040472405
3040349217
3040247771
3040146079
3040033685
3036919730
3036757284
3036631111
3034884098
3034690028
3034505944
3034315917
3034187052
3034027961
3032508321
3032403618
3032267242
3024710248
3024561989
3022503819
3022396307
3022264614
2997793593
2997688362
2997703501
2995599563
2995514811
2993854519
2993658332
2993499635
2988704822
2988609800
2986834561
2986720363
2986617948
2982194455
2982142868
2976083678
2975926730
2969276964
2969163445
2929789223
2929670084
2923617655
2923493087
2921697819
2921572795
2919438462
2919299870
2897190211
2855799304
2855649374
2855435364
2854583374
2854477756
2854356568
2852303205
2852132510
2845147494
2845000695
2844890763
2844897743
2844845237
2844553245
2829815586
2829773792
2821319491
2821261015
2820788156
2820635559
2820435986
2799475504
2799376216
2791619869
2791463679
2791513004
2758104028
2757893940
2757790759
2751311502
2751186343
2750833543
2750751794
2749255535
2749087208
2748946818
2744362131
2744259144
2741298287
2741219726
2739497510
2739347066
3279449712
3279296457
3278885465
3277530246
3277175546
3277010065 mark
3270442790
3270350384
3270204062
3269901732
3269815726
3269666692
3268258056
3268023633
3267833959
3267680036
3166767662
3164690934 mark
3164632037 mark
3164541642 mark
3117394869
3117284492
3117186929
3101729346
3101691900
3101519863
3078842318
3078734458
3076043626 mark
3075985475 mark
3070575406
3070511837
3064525388
3064420299
3056116247
3056031302
3044098153
3043987312
3043916331
3043742222
3043674192
3043547078
3041773833
3040190326
3040042728
3039970459
3039844591
3039796767
3039743091
3039645433
3038124007
3037985226
2877303459
2877233331
2877126361
2874859028
2874750028
2874447274
2874399645
2873311349
2873217217
2855210541
2855075753
2854984190
2854949894
2854997892
2847289420
2847211411
2843136331
2842975362
2842325763
2842231681
2813051963
2812969144
2809448302
2809327567
2797928477
2797788703
2795909843
2795773300
2793837151
2793756481
2770915335
2770752625
2770427334
2770318252
2768583062
2768472757
2766700185
2766419381
2766330252
2765074449
2764957549
2764479280
2764466628
2764346206
2762887871
2762792645
2758081275
2757940240
2754782714
2754692747
2748906707
2748790495
2748513995
2748406927
2747076983
2746951088
2744118356
2744009172
2742552149
2741642795
2741400636
2741147908
2739787665
2739646288
2739533185
2739285942
2738938108
2735483781
2735430185
2735175047
2735104415
2734993745
2733449970
2733288362
2731368036
2731264188
2731146292
2731015822
2729006709
2728781332
2724029488
2723966762
2720154930
2720072605
2718217171
2718125683
2718138733
2716708411
2716594603
2714275612
2714178143
2704823566
2704751332
2701369873
2701159257
2698359538
2698254185
2695848169
2695719783
2693897355
2693787381
2691797007
2691709901
2691626848
2691429903
2691362326
2687663985
2687591344
2687476423
2676675909
2676560965
2674754751
2674606122
2670834129
2670716484
2670421547
3295825131
3279344693
3279158362
3278691759
3277283501
3276522925
3252171519
3252065577
3251976811
3249980204
3167001321
3166907505
3108280015
3108133533
3101395945
3101324957
3078608141
3078513169
3074072535
3074004073
3066764014
3066693169
3059851614
3059787371
3054171170
3054091065
3050835678
3050406801
3048555430
3048186816
3047957875
3039861487
3039800170
3039743466
3039647879
3038120516
3037996012
2916542897
2916481440
2916408371
2914346387
2914278717
2914013128
2913969022
2912048548
2911996278
2905483343
2886032793
2885942991
2879545672
2877655216
2877527302
2877435617
2874661870
2874574677
2857992347
2857889756
2857921062
2857435834
2857369863
2847180111
2844847632
2791665160
2791460002
2788426049
2788318764
2788003412
2783922783
2783779888
2783665567
2776154168
2776038642
2772878378
2772784240
2764801798
2764670160
2760499384
2760350385
2760165098
2760044467
2757288592
2757163100
2755262417
2755142817
2753228522
2753137824
2751055847
2750971686
2750741091
