3372726385 mark
3372676225 mark
3372622939 mark
3372455628 mark
3372386596 mark
3372269708 mark
3370363807 mark
3370307979 mark
3368300783 mark
3368249009 mark
3368158118 mark
3367897602 mark
3367820228 mark
3364351128 mark
3364308762
3364267872 mark
3362247584 mark
3362175204 mark
3362113115 mark
3358109772
3358011344 mark
3356308437 mark
3356251885 mark
3356102779 mark
3356044327 mark
3354247448 mark
3354210396 mark
3354000170 mark
3353935410 mark
3352505678 mark
3352462460 mark
3352327788 mark
3352286942 mark
3352061045 mark
3351961375 mark
3330335155 mark 123
3330264429 mark
3330224716 mark
3330147109 mark
3330036964 mark
3328081715 mark
3328038592 mark
3327943594 mark
3327855394 mark
3241825287 mark
3241665434 mark
3241475535 mark
3241360537 mark
3238795882 mark
3238540842 mark
3235896984 mark
3235705862 mark
3235483600 mark
3230524940
3230425517
3228786798 mark
3228618966 mark
3228512352 mark
3227061790 mark
3226894905
3226549989 mark
3226426077 mark
3226319720 mark
3195817999 mark
3195686768
3195573037
3195383160
3195266432
3194597378 mark
3194453869 mark
3194342552 mark
3190848836 mark
3190695983 mark
3190241106
3190155899
3176700913 mark
3176588039 mark
3176445805
3176294300
3175652467
3175552353
3174252897 mark
3174172918
3174044578
3173910801
3168326700 mark
3168267304 mark
3146324886 mark
3146197371 mark
3146085916 mark
3142994571 mark
3142860818 mark
3142741991 mark
3139950764
3139858272
3139282085
3139188766
3139050421
3138094830
3138003121
3137462784 mark
3137360770 mark
3137262488 mark
3091480186
3084691162
3084402972 mark
3084344226 mark
3083437700
3083318471
3082689492 mark
3082594701 mark
3081031452 mark
3080872675 mark
3080582346 mark
3080499473 mark
3022691596
3022528136
3022421923
3022275063
3021563452 mark
3021494571 mark
3017670954
3017538227
3017039372
3016975808
3016869728
2989649323
2989528495
2987642896
2987524070
2987413414
2985537145
2985468097
2978346983
2978221218
2974403760
2974171489
2973954222
2949488785
2949305603
2949039476
2948857919
2944989853
2944800004
2940748308
2940685387
2940560214
2940466874
2940441941
2938474954
2938404464
2936538368
2936465377
2860641055
2860561753
2860590350
2860477668
2853597033
2853451399
2853402547
2805241804
2805082605
2804920505
2802743986
2802775501
2802627490
2802459377
2802303938
2759029289
2758940801
2758951386
2758687202
2758556399
2758241073
2758086417
2756536301
2756407670
2754112360
2754028951
2752002464
2751901110
2751755320
2745421694 mark
2745278713 mark
2745115469 mark
2744863884
2744740675
2741865248 mark
2741787963 mark
2740818402
2740725576
2740429436
2739822782
2739526620
2739368825
2738365296
2738242665
2737968257
2734452096
2734318994      456
3370213472 mark
3370154221 mark
3370054178 mark
3366419778 mark
3366363258 mark
3364084016 mark
3363973439 mark
3358237109 mark
3358183864 mark
3356203915 mark
3356160859 mark
3355934709 mark
3355859622 mark
3354333670
3354284596
3354123160 mark
3354057627 mark
3353838092 mark
3353737967 mark
3352409888
3352367990
3352237075
3352163167
3303237697 mark
3303060879 mark
3302909406 mark
3302738508 mark
3302605423 mark
3300572975 mark
3300412341 mark
3300318091 mark
3297886910 mark
3297806513 mark
3296169019 mark
3295827228 mark
3295612329
3294646415 mark
3294115417 mark
3293817925
3293565273 mark
3281076896
3280962519
3280816387 mark
3280710379 mark
3280624478 mark
3279200648
3278894409
3278779071
3278549233 mark
3277526459
3277141049 mark
3276799406
3276616978
3276453310
3232253082 mark
3232133974 mark
3228353356
3228247221
3225158198 mark
3225052468 mark
3169191517
3169051489
3168979910
3168880401
3168799670
3168727939
3167496899
3167346840
3167198314
3166997279
3166900519
3166674845
3164547740
3164542057
3117724659
3117560428
3117466119
3115620923
3115513870
3115439923
3115295331
3115220977
3113523591
3113412822
3113338204
3105590386
3105456358
3105100845
3105001416
3103296626
3103202346
3101008162
3100916958
3090867502
3084261916
3084205752
3083179978
3083063877
3082335375
3082279911
3081029880
3080937218
3080567585
3080503377
3076480843
3076368258
3070218610
3070146177
3066890860
3066813955
3066683344
3065229932
3065053271
3064052164
3063962894
3063026059
3062819846
3062629138
3062293915
3062195454
3059697961 mark
3059628520 mark
3059545002
3059489258
3050946374
3050580079
3050291453
3050006147
3049909521
3048426587
3048064364
3047665194
3047492471
2916790625
2916680574
2916552825
2916492126
2916414858
2914605091
2914475405
2914169535
2914098996
2912673536
2912548426
2912195755
2912107760
2911933046
2881540459
2881447593
2848129547
2848053078
2847945133
2847520490
2847434099
2845708432
2845746482
2845524409
2845433410
2834369465
2834316936
2834259534
2832112211
2832036974
2821196526
2821126393
2820588457
2820469075
2799713711
2799590370
2799511049
2797678120
2797568766
2797460261
2786553478
2786442759
2786035377
2785950776
2784120597 mark
2784032843 mark
2775303508
2775189009
2773142621
2773036508
2770973586
2770842124
2770613188
2770529060
2770238650
2770151783
2768558266
2768468555
2762601073
3369930606 mark
3369858045 mark
3368083254 mark
3367983348 mark
3366096005 mark
3366042233 mark
3364210383 mark
3364162010 mark
3358153024 mark
3358069339 mark
3356321398 mark
3356260301 mark
3355741305 mark
3355640875 mark
3353994974 mark
3353901258 mark
3352509754 mark
3352461389
3352275698
3352220260
3352045427 mark
3351973181 mark
3302295749 mark
3302143836 mark
3302047948 mark
3297677969 mark
3297590251 mark
3296223071 mark
3295931556 mark
3295598318
3294454107
3293987468 mark
3293754225 mark
3282839690
3282763119
3282621169 mark
3282551966 mark
3280520447
3280440654
3279048358
3278764475
3278455612
3278401709
3277312254
3276896729
3276680686
3276393725
3258613234
3258445124
3253996038
3253944288
3249593788
3249548115
3249497023
3249431023
3249356121
3249258873
3178037309
3177866170
3177715945
3177596773
3177477063
3175473479
3175366856
3175170931 mark
3175065918 mark
3170828736
3170748781
3170680451
3169129328
3169028469
3166759197 mark
3166682283 mark
3164964520
3164845962
3121548471 mark
3121429987 mark
3121295778
3121205119
3119339649
3119235132
3117324700
3117237435
3117150023
3115904141
3115552275
3115460951
3115346019
3115224809
3115142627
3111597989
3111517837
3101196298
3101088124
3100823212
3100765591
3079362370
3079250397
3079113711
3078991011
3076244318
3076155283
3074663057
3074570195
3072174625
3072105892
3070982469 mark
3070846051 mark
3070718173 mark
3070573441 mark
3069186528
3069061039
3068930245
3067362154 mark
3067224401 mark
3067051591 mark
3064727959
3064631156
3062392851
3062271959
3062157288
3061672764 mark
3061556152 mark
3058467539
3058358927
3051537415 mark
3051244255
3050699660
3050077557
3050006680
3048452954
3048200698 mark
3047831860 mark
3047563899
2914820980
2914725479
2914340431
2914272035
2914026555
2913972887
2912457483
2912351690
2912047092
2912003522
2893416032
2893297350
2890672917
2890588310
2883749589 mark
2883642981 mark
2882133049
2881964961
2881841250
2881307600
2881229185
2881143717
2875452710
2875296755
2875192015
2875215155
2855734938
2855592278
2855535955
2855356882
2847857509
2847738939
2847337046
2847256008
2823495438
2823424811
2823125045
3366289447 mark
3366236403 mark
3366166505 mark
3362390555 mark
3362331228 mark
3358205135 mark
3358105051 mark
3357892393 mark
3357766680 mark
3356148145
3356100221
3354120039
3354063346
3353852872 mark
3353737069 mark
3352416060
3352382741
3352200165 mark
3352140562 mark
3300913642 mark
3300751087 mark
3300164963 mark
3300020028
3300027211 mark
3299899882 mark
3296091113
3295677794 mark
3295538121 mark
3293701306 mark
3293503080
3257003401 mark
3256853810 mark
3256744713 mark
3254426673 mark
3254314244 mark
3254189317 mark
3250773538
3250608521
3250436168
3250269020 mark
3249994219 mark
3249779611
3221355623
3221277962
3221170331
3221089620
3219138311
3219081282
3219013471
3213205645
3213214106
3212969722 mark
3209829498 mark
3209586889 mark
3209412956 mark
3209295791 mark
3205094163 mark
3204934571 mark
3203120505 mark
3203009550 mark
3202582473 mark
3202527864 mark
3202378832
3194968232
3194795477
3193230004 mark
3193061976 mark
3192520033
3192339358
3192225639
3190527737 mark
3190377823 mark
3173613618 mark
3173425070 mark
3173278037
3173186555
3173098656
3164732533
3164636763
3162498830
3139885713
3139778329
3138877020 mark
3138784941 mark
3138150479
3138060601
3137939382
3137420384
3137304243
3119824132 mark
3119672623 mark
3119559531 mark
3117566878
3117463033
3115789845 mark
3115657570 mark
3107992768
3107881131
3103523157 mark
3103421920 mark
3096835333 mark
3096748100 mark
3095509423 mark
3095399977 mark
3094916518 mark
3094834557 mark
3094763500 mark
3090381445 mark
3090280204 mark
3084557475
3084475590
3083279182 mark
3083141001 mark
3082348123 mark
3082279742 mark
3080441011 mark
3080372753 mark
3074439184
3074359324
3070798721
3070705867
3070437713
3070331101
3065009185
3064900214
3062549121
3062400690
3060051191
3059968931
2903156692
2903034738
2902841141
2902847580
2902639704
2902480830
2902215999
2902193440
2902067614
2901935479
2897508853 mark
2897407468
2897415426 mark
2897294037 mark
2897074199
2884321635 mark
2884167941 mark
2884054852 mark
2859816969
2859738730
2859597242
2859638646 mark
2859494506 mark
2845141771
2845065853
2845056529
2844633282
2844663435
2831962783
2831918164
2831866118
2821348805
2821280690
2820818740
2820716541
2820559380
2820449640
3358299746 mark
3358232771 mark
3355887483
3355805274
3354345479 mark
3354286673 mark
3354159000
3354101340
3352383050
3352323980
3352153962 mark
3352100275 mark
3259012549 mark
3258970732 mark
3258915301 mark
3258835977
3258737947 mark
3256489256
3256432686
3256343383 mark
3256260474 mark
3256168980 mark
3249120421 mark
3249004797 mark
3230765456 mark
3230649585 mark
3228862847 mark
3228730870 mark
3228598209 mark
3226859073 mark
3226722839 mark
3225170101
3225048663
3196027182
3195956915
3195812905
3195651041
3193719922
3193576156
3193386325 mark
3193230372
3189457454
3189341121
3188976750 mark
3188870525 mark
3188778932 mark
3187362449 mark
3187247990
3187076918
3186937466
3186829797
3182072037 mark
3181939390 mark
3181785961 mark
3149572447 mark
3149480550 mark
3149353238 mark
3149215336 mark
3149054430 mark
3148357328 mark
3148230043 mark
3147190590
3147083553
3146937153
3143516306 mark
3143459631 mark
3138908078 mark
3138772596 mark
3137907375
3137764244
3137652123
3137347019
3137237965
3082065542 mark
3082000655 mark
3081941914 mark
3081860088 mark
3081786452 mark
3053502388
3053424880
3051727030 mark
3051652031 mark
3051542593 mark
3051030608
3050891873
3050737359
3049521638
3049332545
3048837583
3048503481
3048303199
3047026684
3046758563 mark
3046303404
3046345475 mark
3045936211
2980356827
2969820681
2931616151
2928405645
2928296293
2927313529
2927197348
2900041187
2899868494
2897061225
2897057724
2897064589
2833537989 mark
2833437475 mark
2829359016
2829238708
2820548438
2820436440
2792743374 mark
2792706825 mark
2792644393 mark
2787674014 mark
2787628023 mark
2787593845 mark
2783336928
2783292895
2783058976
2782979357
2782906184
2763648410
2763588259
2761494580
2761501729 mark
2761419323 mark
2761329697 mark
2761247345 mark
2761136622 mark
2760988203
2760844196
2760714569
2756491371
2756412495
2756266984
2756144907
2751994184
2751902069
2751493689
2751344295
2742488657 mark
2742296197
2740099399
2739945449
2739706757
2739373619
2738595659
2738512449
2737636507
2737507041
2736611319
2736535496
2734777605
2734752494
2734691591
2730344894
2730231450
2719361223
2719307202
2719226671
2719116845
2718918129
2718785428
2717155735
2717058055
3357890369
3357776843
3356189302 mark
3356137447 mark
3355944219
3355853872
3354341710
3354292598
3353837163 mark
3353742932 mark
3298491955
3298298741
3295942041 mark
3295721949 mark
3293870231
3293595807
3235116774
3234831963 mark
3230757012 mark
3230626855 mark
3230470680 mark
3227171653
3227023373
3226368413 mark
3226270493 mark
3206345153
3206271245
3203255425 mark
3203110172 mark
3203015286 mark
3202871566
3202762306
3202672292
3192864490
3192701000
3192079643
3191986528
3188202852
3188134419
3168912978 mark
3168811846 mark
3168722698 mark
3166810612
3142583303
3142488820
3142390443
3139776903 mark
3139633624 mark
3139507911 mark
3139089878 mark
3139007373
3137782735 mark
3137643518 mark
3137130045
3137048108
3122034132 mark
3121875138
3121770658
3121611119
3121511821
3121279742
3121296726 mark
3121182980 mark
3119351316
3119236752
3115842248
3115720297
3111838965
3111761470
3107779938
3107622917
3107460306
3107396330
3105319047
3105230549
3097263923 mark
3097156080 mark
3097027819 mark
3095239462 mark
3095156337
3095178259 mark
3095014807 mark
3090716347 mark
3090592960 mark
3090506739 mark
3084258454 mark
3084204099 mark
3082511745 mark
3082413645 mark
3081676251
3081501692
3076784452 mark
3076643917 mark
3072575087
3072477449
3072358982 mark
3072270553 mark
3068695712
3068600874
3064305159
3064201319
3062778358 mark
3062585246 mark
3056458422
3056374006
3054488401 mark
3054390158 mark
3054282641 mark
3052759824 mark
3052656122 mark
3052573239 mark
3052338284 mark
3052273647 mark
3052224558 mark
3051075730
3050285208
3050090468
3049909705
3048346411 mark
3047746830
3047642996
2931948355
2931766674
2928113988
2927955175
2927799177
2927599290
2927549621
2914586394
2914446271
2912526011
2912445452
2912240952
2912153276
2911941849
2895808016
3362458643
3356066834 mark
3356007093 mark
3355760651 mark
3355646788
3354220626
3354180190 mark
3354031843 mark
3353935010
3352320088
3352267755 mark
3352104337
3351993496
3329877327
3329765252
3328375973 mark
3328295135 mark
3328189164 mark
3327734953 mark
3327492335 mark
3327331102 mark
3278008510
3277794775
3277691703 mark
3277009111
3276820653
3276025150
3275683703
3275563733
3275011120
3251694636
3251652729
3251572084 mark
3251500957 mark
3251406866
3238220510
3238049423 mark
3231018652 mark
3230930003
3230203167
3229155975
3229029006
3204464181
3204375223
3204271432
3191299265
3191145157
3184742091 mark
3184542908
3178906000
3178760777
3172262406
3172197058
3172135818
3172011068
3171919324
3170197181
3170115907
3168161006
3168046549
3166237833
3166167711
3166073199
3165923739
3161837859
3161782355
3161689588
3159385619
3159307895
3145389817
3145310611
3145229865
3137824197
3137700702
3137154342
3137076847
3053712988
3053641442
3051480772
3051343554
3050857164
3050739965
3049640628
3049073093
3048923166
3048653853
3047184637
3046994814
3046719189
3046341244
3046046579
3019798451 mark
3019669867
3019553801
3015373220
3015249063 mark
3015128915
3015051422 mark
2987313759
2987211184
2987084211
2983258686
2983122292
2981092405
2980900253
2974919250
2974745922
2974542152
2967735162
2967565653
2964744195
2964553821
2961091852
2960936576
2957662180
2957478966
2956770468
2956564873
2953035892
2952783140
2930625813
2930548519
2930456403
2930064797
2929911267
2929717752
2775816795
2775663298
2775512649
2773321611
2773141369
2772990290
2770312000
2770213728
2769994469
2769935411
2768285349
2768203713
2742072564
2741957127
2740634318
2740335070
2739585043
2738454486
2738098377
2737765606
2737422908
2728261141
2728188375
2728066629
2727977540
2723133668
2723014224
2721400291
2721329773
2721269191
2720691142
2720576947
2716960238
2680978460
3365946637 mark
3365858882 mark
3362609879 mark
3357885749
3357781916
3354118306
3354058128
3352405556 mark
3352363731 mark
3352190511
3352119361
3299741115 mark
3299636632 mark
3299540341 mark
3296070755
3294264330
3293480465 mark
3226648144
3226506568
3206775767
3206650679
3206524339
3202564238
3202452265
3202378726
3148721353 mark
3148575443 mark
3146730782
3146595270
3146474108
3144797892
3144607791
3144437316
3139768515 mark
3139652866 mark
3139522868 mark
3139141584
3139052266
3138972122
3137225459
3137147095
3137046741
3084383551
3084312846
3082703686 mark
3082612437 mark
3080759588
3080665877
3080430453
3080373475
3021982129
3021828707
3021697759
3014944497 mark
3014869433 mark
3004301483
3004233472
3004155377
3004059886
2996533153
2996459060
2994598672
2994535806
2994454005
2991714067
2991607520
2933092997 mark
2932890423
2932903146
2932882162
2932729903
2932646436
2932445392
2932295320
2932144938
2851357162
2851279116
2851174425
2851013927
2850897460
2846395111
2846261699
2837037509
2836936292
2836855662
2836751528
2836231646 mark
2836078773 mark
2834006526
2833913465
2833759265
2829954318
2829894984
2823499921
2823417053
2823342211
2823227159
2823111077
2822992967
2799103114 mark
2799046764 mark
2798856666 mark
2798779681
2798710575
2798713380
2792518645 mark
2792438890 mark
2792354133 mark
2785448115 mark
2785402676 mark
2785114392
2784988882
2761684165 mark
2761620508 mark
2758662234
2758509542
2756521987
2756460688
2754001919
2752301881
2752216007
2752105396
2717116197
2682989099
2682879623
2682745535
2680843902
2680048021
2677941169
2677868731
2677795728
2676457888
2676379849
3364482110 mark
3364409216 mark
3358044227 mark
3357974421 mark
3356035808 mark
3355980143 mark
3353989523
3353916502
3352328440 mark
3352291980 mark
3352043080 mark
3351963840 mark
3298148289
3298053396
3295524365
3293670483
3230272118
3230195644
3228462946 mark
3228358559 mark
3228254406 mark
3208996220
3208760234
3208642510
3202817250
3202675514
3147569106
3147464579
3147338543
3145102364 mark
3144980236 mark
3138170103
3138062271
3137930231
3137421315 mark
3137325049 mark
3093041474
3092888633
3091214026
3081228796 mark
3081124433 mark
3080811564
3080691275
3061225864
3061167739
3061101068
3033148738
3033099678
3033038349
3032935500
2929457462
2929339617
2929231317
2829658696
2829560626
2823859767
2823803700
2823734630
2823643177
2823591515
2823269532
2823119377
2822992109
2790305415
2790242152
2790192905
2789844068
2789737402
2785327828
2785280169
2785210504
2774602176
2773873863
2772109351
2772035803
2771891830
2771818655
2763819936
2763784293
2763727812
2763657161
2756349405
2756258311
2756113153
2754333572
2754297176
2754255029
2752323730
2752288404
2752216887
2750044073
2749973259
2683853782
2683864078
2683682946
2683495393
2683309223
2680673019
2680540231
2678250134
2678164166
2678048298
2674644594
2674540208
2674424505
2674123837
2674045536
2673965642
2569227952
2569119771
2569011425
2566800064
2566725198
2562671370
2562582896
2560226228
2560158271
2551334799
2551219428
2551042502
2550972124
3362526195
3356083896 mark
3356009819 mark
3355751279 mark
3355653623
3354219214
3354167956
3352501269
3352455755
3321915111
3321834901
3321740752
3321648101
3321517430
3309654081
3309597087
3309341404
3309261095
3281780707 mark
3281628099 mark
3281467339 mark
3279800052 mark
3279683317 mark
3279646718
3279441980 mark
3279270347 mark
3278014140
3277853682
3277360472
3277209959 mark
3276945212
3276013632
3275686186
3275183011 mark
3275066534
3253659188
3253547579
3253422934
3218611351
3218413554 mark
3218120772
3217986927
3216267229
3216114597
3215976471
3214654590 mark
3214578635 mark
3214462160 mark
3214350650 mark
3214221605 mark
3212309042
3212181658
3212058797
3203472938
3200136270
3200071626
3196255180
3196177646
3191705838
3191602004
3181511357
3181293616
3179476957
3179289623
3179103132
3178869138
3178589992
3178374532
3176164840
3176019247
3175770526 mark
3175600767 mark
3175497089 mark
3173757339
3173298198
3173205910
3167938430
3167734991
3166115423
3166035771
3165908750 mark
3165798050 mark
3165602911 mark
3165429759
3165318507
3163426380
3163285247
3161355752
3161227598
3159192513
3159076668
3158695425
3158547262
3157596729 mark
3157507860 mark
3153218043
3129869468
3129747936
3129691775
3124644956
3124569646
3124453404
3116534951
3116481771
3116401911
3116333596
3116184404
3093455307 mark
3093335320 mark
3093186847 mark
3084574881
3084490312
3083607335
3083443258
3081556630
3081418147
3069547377
3069462530
3067355971
3067280130
3063575814
3063504719
3063385803
3053242812
3053096022
3052963609
3051377511 mark
3051250674 mark
3051154611 mark
3049446853
3049187600 mark
3048629502
3048261972
3048140131
3047134927
3046178890
3046015992
3030932026 mark
3030837216 mark
3018365634
3018201173
3012742423
3012671637
3012587040
3001477403
2996369926
2996284130
2996187887
2994362207
2994271170
2992074431
2991926227
2991827866
2978066219
2977907901
2977712951
2974303865
2974151846
3356245174 mark
3356203606 mark
3355751343 mark
3355657953 mark
3352464853 mark
3352427223 mark
3277609129 mark
3276779761
3276630734
3276481968
3275405570
3274816116
3274669416
3274394099
3255003447 mark
3254828299 mark
3254647745 mark
3252663741
3252641663
3252611117
3252443327
3252398570
3252088490
3252000365
3251940945
3251854618
3250134558
3249851438
3249769930
3189029403
3188810567
3169403528
3169312660
3169208514
3162752866
3162636427
3162514732
3161077574
3160881740
3160757162
3160546059
3158889625
3158743406
3158415334
3158345091
3144277462
3144175535
3144097046
3140008780
3139957604
3139882151
3137947452 mark
3137800908 mark
3137684735 mark
3119752275
3119621304
3117727808
3117580281
3117431107
3106109681
3105980778
3105842850
3103669471
3103515457
3052725203
3052604418
3052509281
3052409831
3052353620
3052273459
3050501207
3050371528
3050198757
3048768269
3048014577
3047835883
3047649227
3046496478
3046318564
3045976946
3045682599
3045498557
3019107360 mark
3019035018 mark
3005831207
3005719581
3005491044
3005342375
3001656145
3001543467
3001338560
3001258873
2988397066
2988308823
2986537078
2986432328
2986341487
2984862241
2984744617
2984639741
2976515921
2976385447
2972367043
2972204245
2937718328
2937622175
2936097094
2935963848
2935571623
2935481448
2933839164
2933762291
2931812218
2931731104
2925551833
2925450543
2923325494
2923213865
2916670126
2916584067
2916500234
2915244353
2915053760
2914541014
2914404217
2914322816
2912747881
2912626306
2912377707
2912256312
2912027206
2911969546
2910722089
2910611619
2910305373
2910227148
2772705743
2772593133
2772513214
2772296828
2772199908
2768601930
2768509410
2753350656
2753248807
2739588641
2739434764
2739254368
2739068804
2738990808
2737580331
2737218263
2737001961
2657135047
2657039842
2655509487
2655367015
2650973028
2650747304
2564408925
2564310434
2564211031
2560377671
2560320998
3281992071
3281910109
3281917774
3281806883
3281703281
3281439600
3281300755
3281132641
3281023107
3280916901
3279564078
3279352903
3279245214
3277799119
3277147265
3277032932
3276104603
3275764122
3275399089
3274908009
3274794292
3274044106
3273984397
3273762335
3273682019
3273529667
3273406205
3273198469
3271533573
3271361745
3271300655
3271167229
3271091560
3269300934
3269177095
3269073509
3268972959
3268658255
3268525602
3267108167
3267007062
3266755167
3266669995
3264795254
3264666466
3264475193
3260908794
3260819879
3260732358
3256134112
3255993998
3250984139
3250809289
3362675038 mark
3358068997 mark
3357986778 mark
3356461133 mark
3356371427 mark
3279392401
3278707616
3278548190
3278458756 mark
3276957488
3276692247
3276519753
3249909565
3249764299
3219368245
3219270582
3217296290
3217181531
3213067383
3162679602
3162510385
3138849710
3138779907
3138232418
3138154278
3138061022
3137212042
3137133270
3137048517
3119032036
3118949270
3117077292
3117053945
3116981316
3116909612
3105842270
3105711723
3092701862
3092610492
3092535908
3082930927
3082843379
3074236350
3074166936
3064897209 mark
3064754816 mark
3064641857 mark
3062112597 mark
3062019131 mark
3060335733
3060184044
3058038253
3057978475
3057893021
3057837348
3056712176
3056573605
3052498927
3052432253
3051413009
3050973393 mark
3050762338
3050445400
3050172000
3048603306
3047560937
2917131659
2917034964
2916844783 mark
2916745666 mark
2916674017 mark
2914862113 mark
2914766868 mark
2914388148
2914286798
2912361376
2912302758
2895626038
2895480406
2893170323
2893059769
2889067403
2888927298
2879994794
2879848882
2879698998
2874688069
2874626864
2872356307
2872300334
2860050176
2859956166
2857676981
2857592475
2849873307
2849755256
2849636859
2849553097
2849458439
2847295846
2847302419
2847184720
2845297899
2844545983
2823694085
2823641611
2823584846
3282102427
3282010340
3280349437 mark
3280290578 mark
3280219317 mark
3278498607
3278326373
3278232189
3277922412
3277830387
3276392063
3276333514 mark
3276090822
3275808794
3250770702
3250617042
3249766325
3229122443
3228976719
3216826601
3216779943
3216489929
3216390230
3214516591
3214388232
3179783370
3179693337
3179532280
3177247057
3177157234
3176782834
3176648614
3174669160
3174597350
3174498935
3174458572
3174406527
3174393309
3174409196
3174387615
3174293159
3172518289
3172480723
3170555839
3168664511
3168610975
3168626396
3168505351 mark
3168473309 mark
3166491316
3166432489
3164474906
3164417850
3138956853
3138850326
3138775969
3354214459 mark
3354162376 mark
3303399083 mark
3299505297
3299451018
3299354377
3282300073
3282243909
3282193242
3280170927
3280117786
3280002255
3279907240
3278554450
3278370778
3278171855
3277897323
3276529430
3276246388
3276156941
3275738929
3249889032
3242565631
3242501668
3242430132
3242401948
3240161612
3240078939
3240086740
3239358776
3238954677
3225512414
3225432207
3218960737
3218908053
3218798615
3216795099
3216697654
3214987798
3212772508
3202257413
3202221138
3202194955
3200320861
3200277095
3198418843
3198371067
3194167693
3194117006
3194037413
3189850821
3189817707
3172405625
3172368530
3166616641
3166564380
3164439364
3164370241
3164376207
3164318697
3164067714
3163996103
3163936865
3161695271
3161379302
3053487404
3053386900
3051920671
3051844059
3049835956
3049710175
3049629171
3049192050
3047588593
3047500243
3047240373
3047017541
3046767664
3045250668
3041456353
3041353830
2975540941
2975454784
2961299635
2961190336
2957678674
2957578833
2949777215
2949654188
2945426353
2945437594
2945279574
2941206071
2941102313
2938963655
2938923627
2917087356
2916939544
2916825477
2914810665
2914672760
2914598448
2914391799
2914306895
2914131399
2914075694
2912617942
2912523653
2912396332
2912250384
2912047290
2911990259
2910282408
2910215771
2883299910
2883261222
2883164402
2881277075
2881225937
2881147903
2881075189
2876456125
2876401628
2876355687
2867313126
2867248508
2863130634
2863093560
2863053784
2856977455
2856917049
2849058593
2849034840
2848964766
2844615916
2844647758
2844533751
2844559884
2844276113
2844198073
2812400996
2812350773
2810415719
2808251455
2806175311
2806100392
2794938676
2794891284
2785397865
2781274033
2781237599
2763958954
2763897966
2763724205
2763668231
2745911794
2745864723
2745830432
2743414037
2743352161
2743155000
2743037193
2742937255
2740966265
2740851412
2740663777
2738872552
2738678785
2738480868
2738348820
2730623327
2730533456
2730432722
2729801094
2729678939
2729539874
2727610491
2727428126
2727005615
3357952027
3357776957
3355938154
3355838924
3354297698
3354249527
3282553363
3282475291
3282412777
3282333669
3282263076
3282203829
3280569987
3280495952
3280437500
3279990287
3278794972
3278675143
3278590724
3278365944
3278279523
3277991178
3276531419
3276384723
3276098324
3276002094
3276010559
3253877086
3253812229
3217100388
3217040638
3216972655
3215483917
3215371257
3180200650
3180132370
3180067427
3179956941
3179886735
3174494337
3174446135
3170477743
3170432539
3143329659
3143205143
3019353415
3019241625
3017353522
3017221173
2994783634
2994731712
2992561442
2992490252
2992440348
2990098074
2990045419
2983844150
2983786347
2981833288
2981775771
2971840251
2971715011
2971578484
2971447386
2964834126
2964687795
2953936233
2953853651
2950026895
2949911569
2940942307
2940911046
2936819899
2936745223
2930254550
2898057696
2897839994
2897669822
2897155244
2836552005
2836411803
2834188057
2834127377
2831392646
2831265624
2821032949
2820936252
2798608216
2798545179
2798471869
2790068477
2789993878
2787526941
2787439607
2787378013
2761698030
2761639591
2753957843
2753860963
2753757389
2750214616
2750160277
2569610900
2569531910
2569470828
2569415435
2566934520
2566866066
2564666119
2564619977
2560502724
2560446360
2558290213
2558255566
2558190331
2551608784
2551542175
2551474091
2551398734
2549658092
2549589275
2549479137
2549420309
2549370824
2549312032
2547592629
2547541147
2547470370
2547401914
2523925191
2523836370
2523718598
2522163083
2522078549
2521988223
2519578655
2519500261
2508641831
2508519627
3295825131
3279344693
3279158362
3278691759
3277283501
3277010065
3276522925
3252171519
3252065577
3251976811
3249980204
3167001321
3166907505
3164690934
3164632037
3164541642
3108280015
3108133533
3101395945
3101324957
3078608141
3078513169
3076043626
3075985475
3074072535
3074004073
3066764014
3066693169
3059851614
3059787371
3054171170
3054091065
3050835678
3050406801
3048555430
3048186816
3047957875
3040190326
3040042728
3039970459
3039861487
3039800170
3039743466
3039647879
3038120516
3037996012
2916542897
2916481440
2916408371
2914346387
2914278717
2914013128
2913969022
2912048548
2911996278
2905483343
2886032793
2885942991
2879545672
2877655216
2877527302
2877435617
2874661870
2874574677
2874447274
2874399645
2857992347
2857889756
2857921062
2857435834
2857369863
2847180111
2844847632
2804306493
2804217569
2791665160
2791460002
2788426049
2788318764
2788130527
2788003412
2786297644
2786166833
2783922783
2783779888
2783665567
2776154168
2776038642
2772878378
2772784240
2764801798
2764670160
2760499384
2760350385
2760165098
2760044467
2757288592
2757163100
2755262417
2755142817
2754737222
2754672097
2753228522
2753137824
2751055847
2750971686
2750741091
3281304392 mark
3281159627 mark
3279170185
3279027482
3278913764
3278137461
3277974563
3277769947 mark
3277179017
3275931259
3275836033
3274946646
3274804698
3220426563
3218732802
3218663784
3216655961
3216534272
3216408225
3215903469
3212490157
3212420527
3203979448
3203870745
3203775990
3201839247
3201738393
3176652040
3176542698
3176414167
3176154295
3176006304
3174058622
3173967572
3172197011
3172135290
3171880059
3171769278
3171640842
3171497461
3171366949
3170316127
3170243019
3170161921
3167813374
3167717051
3164040620
3163937850
3163783659
3163547724
3163419018
3161036412
3160851761
3160686106
3160694453
3160494402
3160395722
3158722490 mark
3158574466 mark
3158442455
3157405047
3157282417
3138117834
3136317162
3136236523
3136135394
3135910053
3135773698
3131312713
3130052412
3129976470
3124330344
3124235891
3075481847
3075400171
3075308419
3075231172
3069298525
3060900005
3060790759
3060712391
3049405700
3049026196
3048760494
3048557882
3047016068
3046898789
3045925133
3030723618
3030614221
3030531353
3010442935
3010363919
3001938989
3001845878
3001614091
2997982124
2994156674
2994071101
2993918338
2991536857
2991426553
2983344621
2983222528
2983105664
2973783723
2973632094
2973348752
2960781646
2960605523
2953618214
2953347997
2948597701
2948348748
2944582071
2944295702
2940308182
2940214751
2934765584
2934669503
2934588972
2926110788
2926025514
2925925963
2924119403
2924005211
2923857144
2894201470
2894107017
2893967451
2889826686
2889713298
2889611758
2883218922
2883118609
2882995256
2880655218
2880568257
2880436994
2880331610
2845489416
2845322654
2845147494
2844921282
2844651639
2844538644
2765691614
2765606807
2763507065
2753887338
2753763169
2749847551
2749721703
2749571296
2740681929
3278950978
3278922249
3278815320
3278536469
3278458053
3276940060
3276455223
3275492852
3275248394
3274927926
3274557442
3274393974
3214988381
3213566656
3173204867
3173097716
3169031283
3168943785
3163124290
3163004315
3162901716
3135157693
3135052173
3133592829
3133488289
3132875737
3132794026
3115805447
3115701263
3113953197
3113874541
3113711851
3113609338
3113512323
3111740760
3111681507
3110246148
3110125765
3109912860
3109824773
3108575859
3108453320
3108244713
2937986860
2937890666
2935809823
2935706515
2934192355
2934031978
2932155442
2932002833
2929361668
2925026686
2924937917
2899277641
2899199807
2770300445
2770211754
2769999991
2769934150
2768279390
2768190312
2743690402
2743564450
2743495470
2741585092
2741389688
2739236684
2739155707
2737494785
2737515540
2737325203
2737135197
2736997513
2736907451
2714052908
2713893418
2713766674
2711930641
2711770146
2711641937
2711650212
2708676118
2708604050
2706886080
2706788034
2700779068
2700668641
2636600744
2634973789
2633734776
2633603755
2633497272
2566594115
2566482748
2564547149
2564485350
2562207201
2562091541
2558473213
2551558915
2551509577
2551458951
2551385390
2549644214
2549584654
2549509878
2549424687
2549351943
2549304968
2547438767
2547404209
2526429133
2526354357
2524532644
2524443650
2521547512
2521458298
2521344018
2519381339
2519304127
2519205206
2508903361
2508820859
2508732666
2502478249
2502428208
2502387920
2502305932
2502229047
2490786972
2490610417
2490453752
2490300202
2488249740
2488113093
2467731883
2467593841
2467478609
2467373931
2466903757
2466812760
2464626644
2464572308
2463296249
2463161660
2463047834
2462735745
2462479057
2462251386
2460572757
2460435158
2460167956
2459947585
2459839444
2444663195
2444509429
2442341011
2442204165
2442011484
2426001580
2425850818
3304113120
3304054466
3304005202
3303877863
3303575566
3303581163
3299191430
3298998663
3298822607
3281036396
3280917061
3277937287
3277642650
3276935233
3276084732
3275790914
3275549361
3275351174
3160695265
3160555127
3158431857
3157036179
3156904798
3156736679
3141809950
3141731899
3141642878
3134298490
3134195487
3134110869
3133682944
3133577584
3133334563
3131843266
3131727944
3131591695
3131240074
3128032974
3127909306
3083918410
3083791178
3080187916
3080116406
3080014338
3079953494
3079977207
3079868895
3079672751
3079503174
3075104805
3074922262
3074842824
3073205849
3073144529
3071236308
3071152184
3069615695
3069560275
3069389094
3069287109
3069038586
3067644556
3067568718
3067436550
3067258012
3058857498
3058779487
3052819508
3052725785
3048981634
3048379601
3047202406
3046730723
3046590972
3046081228
3025011061
3024934446
3012470264
3012371149
3012278648
3000233380
2995983959
2995849940
2983006157
2982876027
2982735894
2977280066
2977118488
2970577447
2970412970
2459285803
2458949931
2455024523
2454934380
2454693904
2454622109
2450233710
2450013945
2440508612
2438347973
2438211781
2435830996
2410461958
2410350108
2393384802
2393242178
2391195169
2391225965
2391064333
2390888872
2386888125
2386721399
2369703593
2368253586
2368143371
2368044486
2340232452
2340020714
2339573779
2339478892
2338332241
2338218681
2337733265
2337627115
2329077949
2329009921
2328919899
2325793557
2325479729
2322285885
2312613889
2312495995
2312390844
2312210235
2310520710
2310440093
2308104740
2308026992
2307871746
2304260015
2304188492
2304058412
2303937815
2301794639
2301634839
2301538718
2296704308
2296612160
2296487261
2294893149
2294796276
2294472980
2294319841
2290882850
2290786831
3408338786
3408219282
3406150131
3406029834
3401254946
3401171364
3401062240
3394513099
3394405719
3389647091
3389520561
3387326170
3387202712
3387004175
3386852761
3378677473
3378503814
3272586196
3270765346
3270652354
3270543367
3270438906
3270375755
3267948953
3266543059
3266278204
3266162582
3265976813
3265924840
3175615070
3175483077
3175326223
3175168894
3175021660
3150908377
3150770793
3150672535
3150526414
3148265937
3130798562
3117419178
3117328958
3115470596
3115399220
3112328648
3112156534
3111979411
3110382717
3110279472
3110137351
3109896362
3109822515
3103120780
3103008070
3097580771
3097488876
3085319364
3085161777
3085059983
3083569132
3083453716
3083309593
3083187999
3083068186
3082856245
3082779370
3079404479
3079244039
3079135966
3072402946
3072290521
3068806983
3068705744
3067108064
3067017603
3066636202
3066516417
3064482614
3064383591
3060144725
3060023601
3056524766
3056405721
3042752699
3042618122
3042500567
3042324860
3040851250
3040743560
3040590834
3040427160
3040302298
3040166877
3040034562
3019828422
3019692875
3019559974
3015880376
3015766304
3015621791
3011833336
3011736952
3005408385
3005294332
2996063127
2995873548
2995322168
2995241098
2973188136
2973010853
2972828549
2970412400
2969728958
2933791128
2933686452
2933553964
2931699076
2931584885
2931450269
2929119224
2925232314
2925131281
2921409245
2921306024
2917265073
2917119347
2916979376
2913055420
2912905770
2912437069
2912344560
2909257353
2909081193
2908896701
2908740431
2906720862
2906623518
2884580213
2884550038
2884429228
2884039662
2883937447
2882521973
2882279211
2882142070
2882004097
2881849334
2880047836
2856200458
2856057136
2855897715
2855554752
2855351616
2855096189
2855132230
2791379259
2791266247
2788698752
2788585577
2788452955
2781961417
2781867606
2775439465
2735712280
2735584124
2733571049
2733488230
2731615159
2731490700
2729730514
2729504853
2729420167
2729275214
2652876931
2651159291
2650974065
2650756941
2645842639
2645705192
2645555845
2641625510
2641510403
2622001671
2621828144
2605700699
2605563599
2605417891
2604579489
2604408194
2600410828
2595250712
3319314655
3319180083
3317313108
3317201263
3314668448
3314499327
3300666117
3300541260
3298669524
3298588812
3298477668
3296249869
3296153204
3296041134
3292063422
3291934654
3280678605
3280581397
3280507299
3278691461
3278604624
3277331491
3277169467
3276828390
3276548322
3276395433
3274800531
3274481444
3177921623
3177739578
3177193965
3177122279
3175484408
3175376718
3175239073
3175085767
3175000096
3171245370
3171167115
3167452939
3167326378
3133348475
3133222734
3133103848
3132972816
3132866122
3132752734
3124003539
3123891198
3123758895
3117946839
3117804510
3117652407
3114182011
3113943898
3113810768
3113610845
3113513704
3111762947
3111672678
3110263318
3110148090
3109923189
3109822574
3103220159
3103117092
3101982828
3101868251
3101725581
3097634214
3097506189
3088696993
3088591512
3074602419
3074455184
3072755952
3072635804
3072464430
3072363361
3072276422
3050968329
3050852128
3050688922
3050099751
3049982574
3048721373
3048270162
3047925312
3047562405
3046074799
3045877131
3045690961
3045588750
3032508321
3032403618
3032267242
3028466100
3028349106
2999418594
2999322324
2997793593
2997688362
2997703501
2997489989
2997416827
2991134529
2991020827
2984415242
2984356176
2982462454
2982353761
2972978607
2972824737
2972634851
2937493418
2937397690
2935664808
2935558348
2935468732
2935483337
2929852059
2929750462
2929468061
2927566891
2927421727
2925607115
2925520486
2925276431
2925167755
2923084677
2922992396
2921697819
2921572795
2919690822
2919575310
2919197467
2919120816
2917751552
2917594466
2908482431
2908415572
2855143615
2854760149
2854647291
2852883167
2852720434
2852070725
2851941930
2851965197
2807088964
2806901200
2806724051
2806590768
2806485494
2804413124
2804283997
2804128328
2803960503
2803706385
2803593333
2803605126
2793594888
2793512692
2793350159
2786467997
2786328966
2770324551
2770225371
2770052021
2769992940
