3241825287
3241665434
3241475535
3241360537
3238795882
3238540842
3235896984
3235705862
3235483600
3230524940
3230425517
3228786798
3228618966
3228512352
3227061790
3226894905
3226549989
3226426077
3226319720
3195817999
3195686768
3195573037
3195383160
3195266432
3194597378
3194453869
3194342552
3190848836
3190695983
3190241106
3190155899
3176700913
3176588039
3176445805
3176294300
3175652467
3175552353
3174252897
3174172918
3174044578
3173910801
3168326700
3168267304
3146324886
3146197371
3146085916
3142994571
3142860818
3142741991
3139950764
3139858272
3139282085
3139188766
3139050421
3138094830
3138003121
3137462784
3137360770
3137262488
3091480186
3084691162
3084402972
3084344226
3083437700
3083318471
3082689492
3082594701
3081031452
3080872675
3080582346
3080499473
3022691596
3022528136
3022421923
3022275063
3021563452
3021494571
3017670954
3017538227
3017039372
3016975808
3016869728
2989649323
2989528495
2987642896
2987524070
2987413414
2985537145
2985468097
2978346983
2978221218
2974403760
2974171489
2973954222
2949488785
2949305603
2949039476
2948857919
2944989853
2944800004
2940748308
2940685387
2940560214
2940466874
2940441941
2938474954
2938404464
2936538368
2936465377
2860641055
2860561753
2860590350
2860477668
2853597033
2853451399
2853402547
2805241804
2805082605
2804920505
2802743986
2802775501
2802627490
2802459377
2802303938
2759029289
2758940801
2758951386
2758687202
2758556399
2758241073
2758086417
2756536301
2756407670
2754112360
2754028951
2752002464
2751901110
2751755320
2745421694
2745278713
2745115469
2744863884
2744740675
2741865248
2741787963
2740818402
2740725576
2740429436
2739822782
2739526620
2739368825
2738365296
2738242665
2737968257
2734452096
2734318994
2727813625
2727672233
2727505966
2723384574
2723306714
2723133668
2723014224
2721319658
2721261967
2721119493
2721005610
2718918129
2718785428
2718649029
2717444292
2717363456
2717267408
2716813185
2715383801
2715277069
2708121940
2708009312
2704004787
2703926104
2564547149
2564485350
2562425844
2562388622
2562303634
2558534849
2551633824
2551542809
2551474091
2551398734
2549644214
2549584654
2549469759
2549410407
2549342148
2549289998
2547593329
2547524050
2547459841
2547411769
2510927175
2510831821
2510756612
2509022908
2508984462
2508641831
2508519627
2504746331
2504645577
2504584763
2504247299
2504180385
2504081168
2480045573
2479959008
2479865783
2447365661
2447190474
2447074169
2445668674
2445483404
2444663195
2444509429
2442244100
2442113000
2442004818
2430984806
2430853227
2430738353
2430618706
2430271395
2430186583
2430120102
2428563481
2428372192
2426001580
2425850818
2425267177
2425188750
2421317079
2421177492
2418415538
2418319460
2411460113
2411342644
2411196189
2411081738
2410986712
2410892086
2365934194
2365829219
2365714841
2365584366
2365455182
2362849384
2362722554
2358375544
2358275776
2353764925
2353646896
2353463767
2353290933
2353132853
2353055474
2317015332
2316821675
2316657060
2316391716
2316261510
2311553749
2311393361
2311039360
2310970892
2294891673
2294811244
2294687324
2294570987
2292565163
2292467431
2290842158
2290769819
2279214153
2279118206
2237478172
2231862712
2201993554
2201838263
2201624014
2201456363
2201116123
2201019839
2198763106
2198604205
2195617106
2195561641
2191243186
2191144529
2191055532
2185060254
2184910779
2184275180
2184118645
2183947071
2183857503
2183792909
2152595788
2152521794
2150227455
2150143180
2150046912
2149952289
2145002386
2142612562
2142507011
2140476449
2136072447
2135974027
2135865842
2133038766
2132933822
2130698905
2130449105
2130312547
2121502515
2113890637
2113655905
2113520583
2107079164
2105006485
2104919918
2095238951
2095187327
2095097165
2095012496
2092844919
2092744852
2083137467
2082949424
2077929558
2077734638
2076536729
2076295390
2076170796
2067086468
2066888438
2066679779
2066514759
2066337298
2064195270
2064017925
2063517372
2063371941
2062023258
2061916953
2061413869
2061254166
2015692611
2015617679
2015564443
2013794982
2013646526
2013254571
2013128377
2008880159
2008680222
2008514673
2008391627
2008190776
2008015176
1998318531
1998201818
1998032937
1993868977
1993802548
1993737370
1993753508
1993447295
1993348638
1993252604
1984801723
1984698282
1984529130
1984422652
1983978130
1983817900
1982075607
1981953141
1981733381
1981562036
1981322667
1977511522
1977437645
1977354706
1976836813
1976726768
1976550135
1974375547
1974288129
1974175894
1968850618
3299741115
3299636632
3299540341
3298148289
3298053396
3296169019
3295942041
3295677794
3295524365
3293987468
3293670483
3293480465
3238220510
3238049423
3230765456
3230649585
3230272118
3230195644
3228462946
3228358559
3228254406
3226368413
3226270493
3209829498
3209586889
3209412956
3209295791
3208996220
3208760234
3208642510
3205094163
3204934571
3203255425
3203110172
3203015286
3202817250
3202675514
3148721353
3148575443
3147569106
3147464579
3147338543
3145102364
3144980236
3139776903
3139633624
3139507911
3138877020
3138784941
3138170103
3138062271
3137930231
3137421315
3137325049
3094916518
3094834557
3094763500
3093041474
3092888633
3091214026
3084258454
3084204099
3082348123
3082279742
3081228796
3081124433
3080811564
3080691275
3061225864
3061167739
3061101068
3033148738
3033099678
3033038349
3032935500
2933092997
2932890423
2932903146
2932882162
2932729903
2932646436
2932295320
2932144938
2930625813
2930548519
2930456403
2929457462
2929339617
2929231317
2836231646
2836078773
2833537989
2833437475
2829658696
2829560626
2823859767
2823803700
2823734630
2823643177
2823591515
2823269532
2823119377
2822992109
2799103114
2799046764
2798856666
2792518645
2792438890
2792354133
2790305415
2790242152
2790192905
2789844068
2789737402
2785448115
2785402676
2785327828
2785280169
2785210504
2774602176
2773873863
2772109351
2772035803
2771891830
2771818655
2763819936
2763784293
2763727812
2763657161
2761684165
2761620508
2756349405
2756258311
2756113153
2754333572
2754297176
2754255029
2752323730
2752288404
2752216887
2750044073
2749973259
2683853782
2683864078
2683682946
2683495393
2683309223
2682989099
2682879623
2682745535
2680673019
2680540231
2678250134
2678164166
2678048298
2674644594
2674540208
2674424505
2674123837
2674045536
2673965642
2569227952
2569119771
2569011425
2566800064
2566725198
2562671370
2562582896
2560226228
2560158271
2551334799
2551219428
2551042502
2550972124
2549222661
2549111670
2548970550
2548908956
2547354532
2547301927
2547165450
2547115445
2547012516
2546938575
2524202291
2524119811
2524031077
2521929716
2521888035
2519727701
2519681958
2464459513
2464402989
2464347560
2464041146
2461926251
2461742564
2461672415
2455622614
2455566622
2455381255
2455334903
2455252320
2455191976
2453457647
2453286582
2453170594
2453136805
2453113791
2419236363
2412139952
2412028250
2411397526
2411277988
2411150532
2411032753
2410954215
2410888512
2361906123
2361741329
2356272796
2356168901
2356060013
2354005458
2353901277
2352927036
2352856357
2332978193
2332796666
2332626658
2331370689
2331222711
2331234770
2331093224
2330334586
2330179733
2329077949
2329009921
2328919899
2326609006
2326451319
2326325947
2237484053
2237387866
2237221445
2236803896
2236659920
2236495988
2235117172
2235065475
2234990617
2199144312
2198989614
2198141418
2198057551
2195950707
2195854935
2195748703
2193524509
2193441529
2184665045
2184452141
2183961604
2183894124
2183812156
2159399305
2159333520
2159253863
2159163566
2154907851
2154825443
2147532535
2147432544
2147344757
2136072447
2135974027
2135865842
2133491135
2133394903
2133332942
2130794491
2130696194
2118226357
2118027293
2117886431
2117469845
2117348373
2117383841
2116001889
2115832770
2115601185
2114485241
2114390635
2114301791
2111906731
2111841347
2110484192
2110347651
2110262306
2109840528
2109724816
2109664389
2108797408
2108580048
2107983537
2107876927
2107746062
2085059868
2082106725
2081957054
2081841527
2079593863
2079482219
2077571730
2077430052
2075800809
2075596887
2075614230
2075276122
2001143037
2001089587
2001032297
2000987764
2000926804
1995989266
1995917878
1995874559
1993868977
1993802548
1993737370
1993753508
1993659090
1993608233
1993547070
1949769021
1949609142
1949504719
1947775308
1947612675
1947403563
1943762819
1943612348
1939511048
1939395493
1939257187
1933095987
1932995967
1932770748
1932637212
1932536887
1932432373
1876955365
1876896881
1876850379
1876805812
1876710983
1876624178
1876548273
1874176156
1874103956
1874012388
1872001156
1871869786
1871858645
1871749948
1871463989
1871391533
1841061365
1840970826
1697818230
1697737102
1697676707
1697618202
1697367568
1697230041
1694607827
1694506494
1689893744
1689812780
1689744737
1686838227
1686604927
1673630085
1673552043
1671432637
1671360687
1671274952
1671201476
1668839023
1668751522
3278008510
3277794775
3277691703
3277009111
3276820653
3276025150
3275683703
3275563733
3275011120
3259012549
3258970732
3258915301
3258835977
3258737947
3253996038
3253944288
3251694636
3251652729
3251572084
3251500957
3251406866
3235116774
3234831963
3232253082
3232133974
3231018652
3230930003
3230203167
3229155975
3229029006
3204464181
3204375223
3204271432
3202582473
3202527864
3202378832
3193386325
3193230372
3191299265
3191145157
3187362449
3187247990
3184742091
3184542908
3178906000
3178760777
3172262406
3172197058
3172135818
3172011068
3171919324
3170197181
3170115907
3168161006
3168046549
3166237833
3166167711
3166073199
3165923739
3161837859
3161782355
3161689588
3159385619
3159307895
3145389817
3145310611
3145229865
3139089878
3139007373
3137824197
3137700702
3137154342
3137076847
3053712988
3053641442
3051480772
3051343554
3050857164
3050739965
3049640628
3049073093
3048923166
3048653853
3047184637
3046994814
3046719189
3046341244
3046046579
3019798451
3019669867
3019553801
3015373220
3015249063
3015128915
3015051422
2987313759
2987211184
2987084211
2983258686
2983122292
2981092405
2980900253
2974919250
2974745922
2974542152
2967735162
2967565653
2964744195
2964553821
2961091852
2960936576
2957662180
2957478966
2956770468
2956564873
2953035892
2952783140
2931766674
2930064797
2929911267
2929717752
2775816795
2775663298
2775512649
2773321611
2773141369
2772990290
2770312000
2770213728
2769994469
2769935411
2768285349
2768203713
2742488657
2742296197
2742072564
2741957127
2740634318
2740335070
2740099399
2739585043
2738454486
2738098377
2737765606
2737422908
2728261141
2728188375
2728066629
2727977540
2721400291
2721329773
2721269191
2720691142
2720576947
2716960238
2680978460
2680843902
2680373276
2676276054
2676167491
2676079441
2675796143
2675743100
2673871205
2673815580
2673749773
2558387942
2551419679
2551353251
2549658092
2549589275
2549509878
2549424687
2549381544
2549313529
2547598732
2547545013
2547448984
2547405264
2526759078
2526692434
2526630868
2526571661
2524350186
2524289078
2522163083
2522078549
2521988223
2519945146
2519876015
2464317937
2464172585
2463855212
2463569399
2463351043
2462991375
2461514781
2461190427
2460871765
2460578558
2460402876
2455173437
2455113440
2455024523
2454934380
2454814093
2454633507
2453025948
2452743036
2452604365
2452495541
2419470353
2419483371
2409398145
2409258294
2409157187
2408704984
2408631374
2359544019
2359431599
2359311428
2355556952
2355362615
2355174754
2353167913
2353049287
2314895768
2314634747
2314432332
2313728865
2313611856
2311283171
2311164342
2234857740
2234722442
2234586313
2198763106
2198604205
2195950707
2195854935
2195748703
2193321592
2193255935
2193199056
2177741136
2177549858
2177257309
2177171063
2176618946
2176559949
2176488482
2112310424
2112172308
2112056821
2110775831
2110583807
2109974422
2109842031
2109708585
2109652802
2108681521
2108548897
2108326859
2108173763
2107778368
2107662815
2080584907
2080442164
2080280770
2078120447
2077933059
2076381332
2076295390
2075759693
2010916326
2010786896
2010646054
2010559717
2010381372
2010299165
1986923590
1986797570
1986700969
1979553906
1979480692
1977511522
1977437645
1977354706
1975286617
1975207688
1950565767
1950431595
1950217743
1950077300
1947775308
1947612675
1947403563
1944132605
1944054411
1943922409
1941267862
1941150735
1935355746
1935124356
1934837069
1934734093
1934603943
1907594589
1907429060
1907275614
1907055118
1906861533
1900046746
1899850056
1897311736
1897239620
1895756150
1895618227
1895466802
1895378966
1894030092
1893865729
1893399897
1893339081
1876955365
1876896881
1876850379
1876805812
1876353970
1876218911
1876057304
1876100954
1874337645
1874282725
1873868674
1873698557
1871596884
1871545106
1855188599
1855126661
1854924311
1843672837
1843627161
1843563913
1843041961
1842833975
1840163785
1839958449
1691952611
1691887181
1691817562
1689526977
1689486729
1689417916
1687000541
1686931489
1673208977
1673078706
1670974602
1670865252
1670707254
1670611989
1668506691
1668437721
1668345858
1668240246
1666048848
1665972746
1665822701
1665686446
1571997840
1571861164
1571709304
1571441153
1571057891
3258613234
3258445124
3256489256
3256432686
3256343383
3256260474
3256168980
3249593788
3249548115
3249497023
3249120421
3249004797
3228862847
3228730870
3228598209
3226859073
3226722839
3225170101
3225048663
3196027182
3195956915
3195812905
3195651041
3193719922
3193576156
3189457454
3189341121
3188976750
3188870525
3188778932
3187076918
3186937466
3186829797
3182072037
3181939390
3181785961
3149572447
3149480550
3149353238
3149215336
3149054430
3148357328
3148230043
3147190590
3147083553
3146937153
3143516306
3143459631
3138908078
3138772596
3137907375
3137764244
3137652123
3137347019
3137237965
3082065542
3082000655
3081941914
3081860088
3081786452
3053502388
3053424880
3051727030
3051652031
3051542593
3051030608
3050891873
3050737359
3049521638
3049332545
3048837583
3048503481
3048303199
3047026684
3046758563
3046303404
3046345475
3045936211
2980356827
2969820681
2931616151
2928405645
2928296293
2927313529
2927197348
2900041187
2899868494
2897508853
2897407468
2897415426
2897294037
2897061225
2897057724
2897064589
2829359016
2829238708
2820818740
2820716541
2820548438
2820436440
2792743374
2792706825
2792644393
2787674014
2787628023
2787593845
2783336928
2783292895
2783058976
2782979357
2782906184
2763648410
2763588259
2761494580
2761501729
2761419323
2761329697
2761247345
2761136622
2760988203
2760844196
2760714569
2756491371
2756412495
2756266984
2756144907
2751994184
2751902069
2751493689
2751344295
2739945449
2739706757
2739373619
2738595659
2738512449
2737636507
2737507041
2736611319
2736535496
2734777605
2734752494
2734691591
2730344894
2730231450
2719361223
2719307202
2719226671
2719116845
2717155735
2717058055
2716954240
2715176538
2715080172
2714912582
2712507877
2712341613
2706112060
2706026434
2703800163
2703687011
2671322845
2671254741
2671168361
2671053639
2670958140
2666539352
2666414264
2664082722
2663984811
2661885609
2661785371
2661560283
2661576001
2657561303
2657316056
2635883230
2463859768
2463711060
2463391722
2462978052
2461476971
2461203360
2460688631
2460572040
2455028459
2454922855
2445225082
2445056001
2444881470
2442832848
2442649169
2442540306
2403608367
2403511838
2403395785
2403278696
2401277206
2401153052
2399012335
2398914028
2398678361
2398546934
2396251847
2396087229
2395973342
2395932638
2395715351
2393384802
2393242178
2393003920
2392853767
2391528862
2391460754
2391372521
2391226429
2391139376
2391061351
2391023817
2391068098
2390853514
2390681523
2390575728
2389050459
2388967647
2388880554
2388752391
2388609134
2388266565
2388164307
2386930631
2386821416
2386717919
2386562091
2386426665
2381472192
2381274264
2381152347
2379924234
2379842403
2379747403
2379136488
2378929428
2378720566
2369551031
2369406242
2369259374
2360272238
2360101443
2359871261
2340498996
2340417387
2340232452
2340020714
2338435683
2338335953
2337848719
2337723585
2310520710
2310440093
2309808585
2309613092
2309440910
2308367637
2308283589
2308134121
2308052705
2306254123
2306177749
2306102101
2306022280
2305916358
2298212432
2298086930
2297916411
2295859695
2295756953
2295667570
2294001498
2293965830
2293877695
2288550050
2288468378
2276979798
2276849589
2276684695
2263082502
2262864352
2261055900
2260927146
2258638667
2258536592
2256459963
2256345387
2233452056
2233273381
2194067318
2192320439
2185060254
2184910779
2184665045
2184452141
2183947071
2183857503
2183792909
2149799258
2149674761
2142526018
2142374663
2140564047
2140472792
2138129097
2137992345
2137873648
2078130243
2077929558
2076416428
2076348113
2075759693
2024316637
2024234059
2024163803
2022253592
2022206966
2009505274
2009434762
2001143037
2001089587
2001032297
2000987764
2000926804
2000762142
2000678327
1998715126
1998652203
1998634090
1998318531
1998201818
1998032937
1995503349
1995395126
1991426957
1991371320
1991317227
1979222731
1979107752
1977186331
1977091866
1976981059
1975300157
1975123151
1975030290
1974889056
1945236890
1945112557
1945023833
1943424630
1943279606
1941706137
1941583291
1941444525
1933499561
1933436361
3300572975
3300412341
3300318091
3297886910
3297806513
3295827228
3295612329
3294646415
3294115417
3293817925
3293565273
3281076896
3280962519
3280816387
3280710379
3280624478
3279200648
3278894409
3278779071
3278549233
3277526459
3277141049
3276799406
3276616978
3276453310
3228353356
3228247221
3225158198
3225052468
3169191517
3169051489
3168979910
3168880401
3168799670
3168727939
3167496899
3167346840
3167198314
3166997279
3166900519
3166674845
3164547740
3164542057
3117724659
3117560428
3117466119
3115620923
3115513870
3115439923
3115295331
3115220977
3113523591
3113412822
3113338204
3105590386
3105456358
3105100845
3105001416
3103296626
3103202346
3101008162
3100916958
3090867502
3084261916
3084205752
3083179978
3083063877
3082335375
3082279911
3081029880
3080937218
3080567585
3080503377
3076480843
3076368258
3070218610
3070146177
3066890860
3066813955
3066683344
3065229932
3065053271
3064052164
3063962894
3063026059
3062819846
3062629138
3062293915
3062195454
3059697961
3059628520
3059545002
3059489258
3050946374
3050580079
3050291453
3050006147
3049909521
3048426587
3048064364
3047665194
3047492471
2916790625
2916680574
2916552825
2916492126
2916414858
2914605091
2914475405
2914169535
2914098996
2912673536
2912548426
2912195755
2912107760
2911933046
2881540459
2881447593
2848129547
2848053078
2847945133
2847520490
2847434099
2845708432
2845746482
2845524409
2845433410
2834369465
2834316936
2834259534
2832112211
2832036974
2821196526
2821126393
2820588457
2820469075
2799713711
2799590370
2799511049
2797678120
2797568766
2797460261
2786553478
2786442759
2786035377
2785950776
2784120597
2784032843
2775303508
2775189009
2773142621
2773036508
2770973586
2770842124
2770613188
2770529060
2770238650
2770151783
2768558266
2768468555
2762601073
2762525413
2760753044
2760602481
2758130654
2758014435
2755003866
2754891151
2754737222
2754672097
2748891619
2748783441
2748505635
2748405295
2746159407
2746089041
2743891515
2743805307
2742378319
2742259068
2742112250
2741791552
2741548006
2739757784
2739356374
2739185023
2739095086
2733572493
2733465184
2732116113
2731959227
2729836226
2729691186
2726933981
2726805463
2726374600
2726270976
2724254108
2724160249
2722568733
2722481467
2720643874
2720521410
2720428562
2720355048
2720150759
2720078346
2720006980
2718111760
2718033207
2717993300
2703061424
2702976634
2701001981
2700859282
2700547808
2700466185
2698859789
2698730571
2696293515
2696157417
2694476613
2694340862
2694210702
2693897355
2693787381
2690117773
2690025308
2689840115
2689730932
2688112512
2687994168
2687811707
2687318626
2687244722
2679071095
2678898609
2673841826
2673796814
2673748591
2668603980
2668528370
2668397922
2668243797
2668065777
2667940762
2665827474
2665685154
2665567071
2665388881
2665268372
2665144721
2665017560
2662895738
2662809840
2660942998
2660839032
2659546197
2659405702
2659264957
2658934424
2658837692
2658752820
2658671456
2658598435
3303237697
3303060879
3302909406
3302738508
3302605423
3281780707
3281628099
3281467339
3279800052
3279683317
3279646718
3279441980
3279270347
3278014140
3277853682
3277360472
3277209959
3276945212
3276013632
3275686186
3275183011
3275066534
3253659188
3253547579
3253422934
3218611351
3218413554
3218120772
3217986927
3216267229
3216114597
3215976471
3214654590
3214578635
3214462160
3214350650
3214221605
3212309042
3212181658
3212058797
3203472938
3200136270
3200071626
3196255180
3196177646
3191705838
3191602004
3181511357
3181293616
3179476957
3179289623
3179103132
3178869138
3178589992
3178374532
3176164840
3176019247
3175770526
3175600767
3175497089
3173757339
3173298198
3173205910
3167938430
3167734991
3166115423
3166035771
3165908750
3165798050
3165602911
3165429759
3165318507
3163426380
3163285247
3161355752
3161227598
3159192513
3159076668
3158695425
3158547262
3157596729
3157507860
3153218043
3129869468
3129747936
3129691775
3124644956
3124569646
3124453404
3116534951
3116481771
3116401911
3116333596
3116184404
3093455307
3093335320
3093186847
3090716347
3090592960
3090506739
3084574881
3084490312
3083607335
3083443258
3082703686
3082612437
3081556630
3081418147
3069547377
3069462530
3067355971
3067280130
3063575814
3063504719
3063385803
3053242812
3053096022
3052963609
3051377511
3051250674
3051154611
3049446853
3049187600
3048629502
3048261972
3048140131
3047134927
3046178890
3046015992
3030932026
3030837216
3018365634
3018201173
3012742423
3012671637
3012587040
3001477403
2996369926
2996284130
2996187887
2994362207
2994271170
2992074431
2991926227
2991827866
2978066219
2977907901
2977712951
2974303865
2974151846
2974011492
2896265083
2891913151
2891812312
2889826686
2889713298
2889611758
2882494736
2878625462
2878223872
2878110644
2864954957
2864869665
2864768766
2864647167
2856361850
2856255786
2856145250
2814043796
2813915979
2796478489
2796385469
2796242158
2794320628
2794234122
2794065360
2785248829
2785190477
2785121619
2778923896
2778847406
2767678900
2767607034
2767530416
2767454289
2767313441
2767203496
2765585741
2763425624
2763318224
2763224835
2759026966
2758893203
2756250110
2756151284
2755971501
2734527774
2734423763
2734325944
2734279834
2732639646
2732545830
2732450818
2732271833
2732169335
2730775006
2730742034
2730680469
2730582210
2730426278
2730318700
2730227865
2730034648
2724843712
2724699405
2721270640
2721180302
2717415283
2717347882
2717268342
2717116197
2712985060
2712845793
2712739902
2705666524
2705571558
2703697249
2703616243
2703494497
2661929547
2661805196
2656004615
2655924933
2655813884
2655822724
2655647980
2651085076
2646331962
2632637217
2619332570
2619149783
2608546737
2608464942
2606273603
2606154219
2600408856
2600267452
2600139014
2593970730
2593843512
2593668385
2530576649
2530479268
2523645512
2523630421
2523475375
2523359413
2515339437
2515261660
2515241165
2515170516
2489425593
2489350478
2489260740
2485296372
2485180059
2479524232
2479373372
2463541690
2463214378
2462822944
2461504999
2461361885
2461049428
2460843202
2423222858
2423085167
2409393490
2409298043
2409156577
2409012917
2408914595
2408658682
2408596812
2393469420
2393265435
2389174213
2389073738
2389061643
2389037131
2388960049
2388761088
2388601297
2384635556
2384503392
2384394034
2381963417
2381777544
2379502868
2379394820
2379289491
2345153510
2345075578
2345007751
2344839178
2344723962
2344521896
2344332453
2344177693
2342341468
2342232730
2342078911
2341919205
2341777762
2339885382
2339763609
2339386983
2339284008
2337596375
2337441499
2337306581
2337167320
2329921521
2329779065
2328799155
2328668279
2328644189
2328421602
2325977586
2325627305
2325479729
2311832293
2311680604
2301794639
2301634839
2301538718
2299087475
2298891159
2294704677
2294742322
2292347393
2290696954
2290591353
2290441579
2288220704
2281285778
2281165446
3302295749
3302143836
3302047948
3297677969
3297590251
3296223071
3295931556
3295598318
3294454107
3293754225
3282839690
3282763119
3282621169
3282551966
3280520447
3280440654
3279048358
3278764475
3278455612
3278401709
3277312254
3276896729
3276680686
3276393725
3249431023
3249356121
3249258873
3178037309
3177866170
3177715945
3177596773
3177477063
3175473479
3175366856
3175170931
3175065918
3170828736
3170748781
3170680451
3169129328
3169028469
3166759197
3166682283
3164964520
3164845962
3121548471
3121429987
3121295778
3121205119
3119339649
3119235132
3117324700
3117237435
3117150023
3115904141
3115552275
3115460951
3115346019
3115224809
3115142627
3111597989
3111517837
3101196298
3101088124
3100823212
3100765591
3079362370
3079250397
3079113711
3078991011
3076244318
3076155283
3074663057
3074570195
3072174625
3072105892
3070982469
3070846051
3070718173
3070573441
3069186528
3069061039
3068930245
3067362154
3067224401
3067051591
3064727959
3064631156
3062392851
3062271959
3062157288
3061672764
3061556152
3058467539
3058358927
3051537415
3051244255
3050699660
3050077557
3050006680
3048452954
3048200698
3047831860
3047563899
2914820980
2914725479
2914340431
2914272035
2914026555
2913972887
2912457483
2912351690
2912047092
2912003522
2893416032
2893297350
2890672917
2890588310
2883749589
2883642981
2882133049
2881964961
2881841250
2881307600
2881229185
2881143717
2875452710
2875296755
2875192015
2875215155
2855734938
2855592278
2855535955
2855356882
2847857509
2847738939
2847337046
2847256008
2823495438
2823424811
2823125045
2822991559
2806993380
2806889517
2806450135
2806327908
2804306493
2804217569
2803795338
2803680024
2802354281
2802216971
2802074738
2801945405
2801789876
2800234485
2800091671
2799894953
2795538274
2795431634
2791323572
2791129333
2790960321
2790779078
2790650572
2789081232
2788972361
2788492417
2788362070
2786326945
2786217890
2786032988
2785935504
2785840821
2785741878
2772353399
2772281193
2772197042
2768383756
2768282551
2766545656
2766454118
2766194286
2766143683
2757239088
2757150100
2746408258
2746339480
2746276597
2744118356
2744009172
2743671519
2743577586
2742337551
2742011320
2741903719
2741400636
2739482966
2739287708
2739124809
2739055826
2734000781
2733869671
2731577856
2731482080
2729950082
2729811548
2727362914
2727175160
2724900238
2724717421
2724268094
2724142742
2724029488
2723966762
2722368057
2722276413
2722084839
2722010507
2721933261
2721837724
2719886557
2719828633
2716469767
2716356437
2713795862
2713644866
2702647195
2702537344
2701595482
2701440386
2701256565
2698359538
2698254185
2696033977
2695921963
2693547335
2693447665
2689415501
2672504386
2672370565
2670170207
2666056666
2665852609
2665390171
2665256563
2663478604
2663312953
2662901113
2662815285
2560502724
2560446360
2551226728
2551167223
2549211234
2549124641
2549029930
2548889995
2547363773
2547303225
2547224905
2547155844
2547040899
2546940273
2502820698
2502711579
2501637055
2501502841
2501373944
2501246411
2498829955
2498755746
2494116647
2494010365
2492258690
2492154839
2491680573
2491605871
2487807177
2487704143
2486139997
2486012999
2485596509
2485483619
2485282131
2485225131
2473801958
2473597971
2473494084
2469213040
2469098993
2453854590
2453752380
2427792748
2427720580
2427652445
2425646897
2425518994
2425393743
2420952614
2420842637
2420758956
2410965721
2410889717
2398391016
2398252083
2397724978
2397608321
2395124537
2395015362
2391997966
2391929790
2390803817
2390589361
2390400509
2390297273
2388110750
2388039564
2387779031
2387691707
2381483352
2381316683
2369538969
2369446539
2369257910
2367281043
2367179963
2367029703
2366901299
2366779820
2366674896
2366565955
2365608522
2365497749
2365338673
2355233139
2355147439
2353461778
2353346356
2349189263
2349030955
2307521825
2307359670
2307242465
2305447344
2305317432
2305177019
2301627120
2301479595
2301270577
2299658278
2299511198
2296754322
3300913642
3300751087
3300164963
3300020028
3300027211
3299899882
3296091113
3295538121
3293701306
3293503080
3257003401
3256853810
3256744713
3254426673
3254314244
3254189317
3250773538
3250608521
3250436168
3250269020
3249994219
3249779611
3221355623
3221277962
3221170331
3221089620
3219138311
3219081282
3219013471
3213205645
3213214106
3212969722
3203120505
3203009550
3194968232
3194795477
3193230004
3193061976
3192520033
3192339358
3192225639
3190527737
3190377823
3173613618
3173425070
3173278037
3173186555
3173098656
3164732533
3164636763
3162498830
3139885713
3139778329
3138150479
3138060601
3137939382
3137420384
3137304243
3119824132
3119672623
3119559531
3117566878
3117463033
3115789845
3115657570
3107992768
3107881131
3103523157
3103421920
3096835333
3096748100
3095509423
3095399977
3090381445
3090280204
3084557475
3084475590
3083279182
3083141001
3080441011
3080372753
3074439184
3074359324
3070798721
3070705867
3070437713
3070331101
3065009185
3064900214
3062549121
3062400690
3060051191
3059968931
2903156692
2903034738
2902841141
2902847580
2902639704
2902480830
2902215999
2902193440
2902067614
2901935479
2897074199
2884321635
2884167941
2884054852
2859816969
2859738730
2859597242
2859638646
2859494506
2845141771
2845065853
2845056529
2844633282
2844663435
2831962783
2831918164
2831866118
2821348805
2821280690
2820559380
2820449640
2807309573
2807194288
2806675307
2806579493
2804660759
2804535848
2801642000
2801562388
2801445083
2795995608
2795836025
2791440714
2791274737
2791156056
2788831781
2788665828
2788130527
2788003412
2783922783
2783779888
2783665567
2776154168
2776038642
2775552970
2775440178
2768758122
2768650646
2766357151
2766294726
2765074449
2764957549
2762571220
2762494590
2759892995
2759802544
2757762156
2757656889
2757464552
2757356922
2755262417
2755142817
2755005213
2754888229
2753112411
2752968437
2752678641
2750526261
2750426208
2748687311
2748579663
2746486937
2746402998
2729627144
2729503911
2727237969
2727145576
2727022170
2726851753
2726439589
2726287382
2726305857
2702986251
2702881633
2702632119
2702545276
2702473251
2700603982
2700522662
2696605376
2696371495
2696262763
2696164591
2694301210
2694152178
2692209839
2692062872
2691924619
2691429903
2691362326
2689794999
2689694600
2689625324
2689427827
2689323632
2677941169
2677868731
2677795728
2674314206
2674224152
2667838287
2667725054
2665635982
2665530146
2663422895
2663278018
2663130074
2663153838
2663040106
2661061206
2661097630
2660957713
2656733100
2656658532
2551582637
2551529539
2549650330
2549567377
2549479137
2549420309
2549351943
2549304968
2547614737
2547532940
2503428644
2503365698
2503213342
2503091835
2502908087
2502830849
2501563722
2501442165
2501294293
2501237169
2500881491
2500816344
2499228298
2499168365
2498763401
2498708290
2494920249
2494743001
2494588246
2494438298
2494287314
2490113541
2489929269
2489840815
2487279084
2487190331
2487117716
2478862924
2478656233
2475704203
2475623174
2471596465
2471515754
2454216255
2454125403
2449626045
2449505661
2449176594
2449099273
2447530129
2447397655
2446884480
2446794937
2444713784
2444519922
2442433381
2442339414
2442194191
2442073165
2440169486
2440072760
2428159350
2428046296
2427950507
2423773495
2423662664
2420649625
2420586461
2420526669
2408813096
2408737158
2408659554
3278690226
3278590724
3278470259
3278326373
3277914056
3276543914
3276456688
3276229201
3276160699
3275918719
3256030495
3255901893
3219368245
3219270582
3214988381
3213387845
3207303078
3207155582
3207007686
3206345153
3206271245
3202564238
3202452265
3202378726
3180200650
3180132370
3180067427
3179956941
3179886735
3179783370
3179693337
3179532280
3177247057
3177157234
3177054672
3176979515
3176916233
3174494337
3174446135
3172399098
3172353011
3168441996
3168426915
3168382242
3168319469
3166472638
3166437920
3166320688
3166244251
3164298579
3164303907
3164260875
3091016058
3082930927
3082843379
3081676251
3081501692
3053809319
3053760825
3052186521
3052125327
3052079302
3051890184
3051823399
3051731591
3049694152
3049607382
3049320069
3047305253
3047222869
3046996586
2994783634
2994731712
2994643113
2994658278
2994582204
2992344935
2992254380
2990098074
2990045419
2979097192
2979022392
2975288006
2975141703
2971840251
2968533243
2968434852
2961475540
2961404307
2958170109
2958055364
2957678674
2957578833
2945172634
2944942953
2938754915
2938712197
2938693243
2936819899
2936745223
2899277641
2899199807
2834188057
2834127377
2831737291
2831657596
2831566413
2821154248
2821083601
2821010405
2798779681
2798710575
2798713380
2798608216
2798545179
2798471869
2787267836
2787168006
2783229760
2783147708
2777093187
2776990690
2774862241
2774777024
2774696886
2774076185
2769830727
2769778152
2769458977
2769349680
2769195226
2761646567
2761567444
2761538950
2752492298
2752417626
2752376334
2750214616
2750160277
2745753559
2745684725
2743155000
2743037193
2742937255
2741056485
2740960816
2740785367
2740497200
2738812191
2738673858
2738480868
2721116910
2721020383
2719395739
2719307715
2717713390
2717653391
2717600898
2717560456
2717502894
2715610842
2715554686
2715490848
2708211985
2708158481
2707859015
2707751660
2680122681
2680032981
2679987112
2679884943
2679837580
2677667739
2677624868
2677586110
2667169504
2667103957
2667057578
2662218763
2662179216
2658259556
2658178662
3277609129
3276779761
3276630734
3276481968
3275405570
3274816116
3274669416
3274394099
3255003447
3254828299
3254647745
3252663741
3252641663
3252611117
3252443327
3252398570
3252088490
3252000365
3251940945
3251854618
3250134558
3249851438
3249769930
3189029403
3188810567
3188202852
3188134419
3169403528
3169312660
3169208514
3162752866
3162636427
3162514732
3161077574
3160881740
3160757162
3160546059
3158889625
3158743406
3158415334
3158345091
3144277462
3144175535
3144097046
3140008780
3139957604
3139882151
3137947452
3137800908
3137684735
3119752275
3119621304
3117727808
3117580281
3117431107
3106109681
3105980778
3105842850
3103669471
3103515457
3052725203
3052604418
3052509281
3052409831
3052353620
3052273459
3050501207
3050371528
3050198757
3048768269
3048014577
3047835883
3047649227
3046496478
3046318564
3045976946
3045682599
3045498557
3019107360
3019035018
3014944497
3014869433
3005831207
3005719581
3005491044
3005342375
3001656145
3001543467
3001338560
3001258873
2988397066
2988308823
2986537078
2986432328
2986341487
2984862241
2984744617
2984639741
2976515921
2976385447
2972367043
2972204245
2937718328
2937622175
2936097094
2935963848
2935571623
2935481448
2933839164
2933762291
2931812218
2931731104
2925551833
2925450543
2923325494
2923213865
2916670126
2916584067
2916500234
2915244353
2915053760
2914541014
2914404217
2914322816
2912747881
2912626306
2912377707
2912256312
2912027206
2911969546
2910722089
2910611619
2910305373
2910227148
2772705743
2772593133
2772513214
2772296828
2772199908
2768601930
2768509410
2753350656
2753248807
2739588641
2739434764
2739254368
2739068804
2738990808
2737580331
2737218263
2737001961
2657135047
2657039842
2655509487
2655367015
2650973028
2650747304
2564408925
2564310434
2564211031
2560377671
2560320998
2558332885
2551292188
2551217301
2551078113
2550969678
2547331853
2547286015
2547200329
2547137044
2547014655
2546935618
2463492421
2463296249
2463049102
2462927947
2462768739
2462379612
2462248121
2460543710
2460008781
2459839444
2459005225
2458909866
2458752336
2458583831
2458614759
2458407924
2458247387
2456907404
2456647458
2456544577
2456281652
2456183603
2452287700
2452038266
2451958874
2416740962
2405265680
2400672629
2393020471
2392872715
2390864138
2390697607
2390505587
2390386987
2390174520
2390082634
2389961571
2388804827
2388688060
2388544014
2386035098
2385923711
2385664225
2385553748
2377350830
2377228574
2371050829
2361658118
2361513554
2360157996
2359937437
2359804060
2344066679
2343927095
2343812278
2343361215
2343265449
2343182498
2341293596
2341207333
2339517830
2339434361
2339062200
2339000345
2337667985
2337545902
2337131460
2337053975
2330535708
2330401496
2330195907
2330092639
2329973850
2329714508
2329574199
2327904833
2327722375
2327633129
2296004202
2295885720
2288029147
2287904307
2287773235
2287621764
2287500783
2287370327
2285604155
2285478756
2285361728
2283132676
2283042627
2280784583
2280610377
2280494001
2276682211
2276450240
2276293995
2276096655
2258236095
2258078880
2253692419
2253561073
2253384829
2250413651
2250311430
2250206751
2247744440
2247643166
2243682720
2243485133
2243323361
2236452011
2236334882
2236208243
2236104695
2235829105
2235698841
2233282942
2233125870
2230734391
2230625252
2228695385
2228714208
2228610554
2224144172
2222355697
2222207575
2165217365
2165056440
2164893285
2164765791
2164649630
2162667072
2162535109
2158389130
2156352882
2156209467
2156069948
2151884375
2151727018
2141936496
2137441408
2132502982
2132355494
2132207921
2129410142
2129428735
2129331355
2120693224
2110713594
2108491827
2096451816
2090075610
2071257683
2062547823
2062486166
2060758786
2060636961
2060359860
2060300334
2060202070
2060145150
2059042692
2058888234
2054484447
2054307478
2054157648
2013254571
2013128377
2012778708
2009898344
2009745544
2009616877
2009455783
2009105808
2008984987
1997553187
1997398164
1997227457
1992304058
1992218032
1992093748
1990065860
1990008281
1987996464
1987917560
1987850446
1917767970
1917662686
1917575373
1913321938
1913246007
1909293563
1909192068
1889087919
1888951154
1888858668
1888708111
1888723698
1888535920
1888544074
1888256209
1888151805
1888009770
1887914578
3296070755
3295721949
3294264330
3226648144
3226506568
3206775767
3206650679
3206524339
3146730782
3146595270
3146474108
3144797892
3144607791
3144437316
3139768515
3139652866
3139522868
3139141584
3139052266
3138972122
3137782735
3137643518
3137225459
3137147095
3137046741
3097263923
3097156080
3097027819
3095239462
3095156337
3095178259
3095014807
3084383551
3084312846
3080759588
3080665877
3080430453
3080373475
3021982129
3021828707
3021697759
3004301483
3004233472
3004155377
3004059886
2996533153
2996459060
2994598672
2994535806
2994454005
2991714067
2991607520
2932445392
2927955175
2927799177
2927599290
2927549621
2851357162
2851279116
2851174425
2851013927
2850897460
2846395111
2846261699
2837037509
2836936292
2836855662
2836751528
2834006526
2833913465
2833759265
2829954318
2829894984
2823499921
2823417053
2823342211
2823227159
2823111077
2822992967
2785114392
2784988882
2758662234
2758509542
2756521987
2756460688
2754001919
2752301881
2752216007
2752105396
2680048021
2676457888
2676379849
2674016347
2673934091
2558113366
2558033556
2557955371
2551241703
2551170074
2549200733
2549139153
2549023865
2548899546
2547208285
2547154885
2511239695
2511192816
2511147044
2511102484
2506751633
2506690235
2502478249
2502428208
2502387920
2502091915
2501986398
2448310164
2448201980
2448082522
2443468488
2443378342
2442689934
2423509445
2423400514
2418664928
2418580528
2381980118
2381831351
2381687924
2379622728
2379599799
2379473270
2379320481
2378469719
2378192463
2378041536
2365122870
2364934706
2364761262
2358060936
2357832186
2357638993
2355894068
2355766229
2352938620
2352859075
2299273472
2299142936
2298985641
2298713609
2298565632
2298421256
2296159612
2296020893
2294902048
2294816926
2294692603
2234307020
2234172489
2233998262
2197232058
2197006785
2196830083
2194067318
2193321592
2193255935
2193199056
2182047120
2181823003
2181696818
2181080385
2181021263
2117469845
2117348373
2117383841
2115403451
2115207703
2115065683
2112955180
2112812155
2110775831
2110583807
2109725036
2109659438
2108256895
2108139739
2107983537
2107876927
2107740985
2107644923
1998715126
1998652203
1998634090
1998547629
1998496853
1998424806
1991666142
1991602467
1991532094
1991188850
1991112163
1984801723
1984698282
1984529130
1984422652
1982075607
1981953141
1981088223
1980941553
1975123151
1975030290
1974889056
1973117951
1972994203
1972824031
1972685076
1972514674
1966694893
1966617949
1966487311
1964135256
1964046839
1963631832
1963496331
1950565767
1950431595
1950217743
1950077300
1949769021
1949609142
1949504719
1948190353
1948102678
1947992644
1945972951
1945878388
1945236890
1945112557
1945023833
1943130017
1943053613
1940220599
1933638419
1933563740
1933489792
1933384351
1933285495
1932608822
1932514886
1932434600
1924109491
1924058157
1923977220
1923909329
1923741910
1923609014
1923642959
1923459197
1923412583
1921316393
1921224121
1921106426
1920974442
1919071372
1918959324
1918839537
1918729624
1918614355
1918457362
1916879181
1916837731
1916772853
1916634529
1916514465
1914713381
1914619443
1914177497
3278950978
3278922249
3278815320
3278536469
3278458053
3276940060
3276455223
3275492852
3275248394
3274927926
3274557442
3274393974
3217100388
3217040638
3216972655
3213566656
3173204867
3173097716
3169031283
3168943785
3163124290
3163004315
3162901716
3135157693
3135052173
3133592829
3133488289
3132875737
3132794026
3115805447
3115701263
3113953197
3113874541
3113711851
3113609338
3113512323
3111740760
3111681507
3110246148
3110125765
3109912860
3109824773
3108575859
3108453320
3108244713
2937986860
2937890666
2935809823
2935706515
2934192355
2934031978
2932155442
2932002833
2929361668
2925026686
2924937917
2770300445
2770211754
2769999991
2769934150
2768279390
2768190312
2743690402
2743564450
2743495470
2741585092
2741389688
2739236684
2739155707
2737494785
2737515540
2737325203
2737135197
2736997513
2736907451
2714052908
2713893418
2713766674
2711930641
2711770146
2711641937
2711650212
2708676118
2708604050
2706886080
2706788034
2700779068
2700668641
2636600744
2634973789
2633734776
2633603755
2633497272
2566934520
2566866066
2566594115
2566482748
2562207201
2562091541
2558473213
2551558915
2551509577
2551458951
2551385390
2547592629
2547541147
2547438767
2547404209
2526429133
2526354357
2524532644
2524443650
2523925191
2523836370
2523718598
2521547512
2521458298
2521344018
2519381339
2519304127
2519205206
2508903361
2508820859
2508732666
2502305932
2502229047
2490786972
2490610417
2490453752
2490300202
2488249740
2488113093
2467731883
2467593841
2467478609
2467373931
2466903757
2466812760
2464626644
2464572308
2463161660
2463047834
2462735745
2462479057
2462251386
2460572757
2460435158
2460167956
2459947585
2442341011
2442204165
2442011484
2412232933
2412105328
2411940567
2410966933
2410895838
2395420018
2395282129
2395144767
2390317600
2390226517
2390236462
2390186900
2390171553
2388037202
2387912246
2386118329
2373452678
2373343805
2371221577
2351701644
2351533108
2351377434
2350949696
2350832545
2350733980
2316068955
2315970571
2315870952
2311374164
2311280185
2292510544
2292359874
2292211177
2292038840
2290129859
2290033245
2289911702
2289792314
2285896339
2285763421
2285436346
2285334602
2282760954
2282661562
2282391921
2282287914
2276435527
2276317526
2262288068
2262145370
2262014253
2260362995
2260208514
2258175352
2258049059
2255589769
2255471845
2255357723
2253211683
2253065365
2252931465
2243077822
2242985193
2238610136
2238510876
2238324135
2238234729
2238145977
2236427519
2236239368
2226663098
2226524683
2224399177
2224301383
2220092232
2219984622
2219666316
2217177348
2217028297
2214337150
2214163959
2198359197
2198252097
2197232058
2197006785
2196830083
2194260255
2193524509
2193441529
2180068537
2180029682
2179855075
2179624943
2179423318
2179252492
2178853523
2178782204
2178692811
2077430052
2077320904
2076097364
2075411351
2075276894
2065589675
2065482587
2065111781
2065030309
2063373523
2063281584
2063082521
2063000977
2062684014
2062614658
2060482132
2060423372
2010914863
2010788382
2010559717
2010377513
2010320832
1992598958
1992443724
1990065860
1990008281
1988394590
1988257358
1988165729
1987953814
1987847612
1978665269
1978524377
1976212191
1976132158
1974509830
1974374059
1974383177
1940220599
1933313553
1933221699
1932637212
1932536887
1932432373
1911763339
1911583755
1911457811
1911352385
1911214336
1895253208
1895168071
1894030092
1893865729
1893697517
1893569389
1893213280
1893119991
1886248456
1886116987
1885596181
1885547718
1883792064
1883678178
1880378164
1880341732
1880219929
1880043777
1865716131
1865588772
1863886354
1863699244
1863591748
1863513350
1863393188
1861422181
1861314143
1858731320
1858611690
1858236844
1858162701
1856290165
1856134200
1855773320
1855674497
1840163785
1839958449
1774633996
1774463977
1774300081
1774116161
1773960705
1771793409
1771557569
1766082945
1765947873
1684903975
1673477884
1673371349
3298491955
3298298741
3293870231
3293595807
3230757012
3230626855
3230470680
3227171653
3227023373
3202871566
3202762306
3202672292
3192864490
3192701000
3192079643
3191986528
3168912978
3168811846
3168722698
3166810612
3142583303
3142488820
3142390443
3137130045
3137048108
3122034132
3121875138
3121770658
3121611119
3121511821
3121279742
3121296726
3121182980
3119351316
3119236752
3115842248
3115720297
3111838965
3111761470
3107779938
3107622917
3107460306
3107396330
3105319047
3105230549
3082511745
3082413645
3076784452
3076643917
3072575087
3072477449
3072358982
3072270553
3068695712
3068600874
3064305159
3064201319
3062778358
3062585246
3056458422
3056374006
3054488401
3054390158
3054282641
3052759824
3052656122
3052573239
3052338284
3052273647
3052224558
3051075730
3050285208
3050090468
3049909705
3048346411
3047746830
3047642996
2931948355
2928113988
2914586394
2914446271
2912526011
2912445452
2912240952
2912153276
2911941849
2895808016
2895626038
2895480406
2890923009
2890835722
2875277415
2875201550
2874710324
2874629195
2872704848
2872642341
2804050084
2803949910
2797957953
2797832936
2791665160
2791460002
2785756606
2785670626
2775888314
2775744361
2773498800
2773345653
2772878378
2772784240
2770695776
2770560829
2770396458
2770325881
2766202158
2766131956
2764258316
2764156247
2762825375
2762692387
2760444297
2760357913
2757489710
2757397620
2753578166
2753360524
2751350523
2751192318
2750741091
2750670203
2748399689
2748319814
2742552149
2741749359
2741642795
2741318410
2741216200
2739919221
2739382279
2739178354
2731816086
2731707921
2729673896
2729542546
2729315310
2729157240
2724534978
2724379071
2724057651
2723971993
2716283869
2716214852
2703499764
2703377370
2700781961
2700673845
2699187650
2699030547
2698895759
2698715386
2694022188
2693908642
2693769277
2693644106
2690327155
2690188265
2690026418
2670715913
2670592575
2668683512
2668549684
2668240963
2668072792
2665526451
2661344409
2661209558
2659452604
2659288432
2502972140
2502902045
2499635875
2499461927
2499290486
2499171175
2491829285
2491693435
2491589352
2485836552
2485730343
2483331021
2483221439
2477191251
2477061868
2476609317
2467763435
2467636453
2466794237
2466696661
2465280543
2464847711
2464765728
2464575463
2463333087
2463164128
2462800117
2462624643
2462277891
2449423270
2449282596
2449161366
2446649001
2446552186
2444883863
2444777259
2442714305
2442576015
2440451503
2440329883
2439955955
2439829291
2439751520
2439631062
2439643051
2439522909
2439460317
2438197772
2438080347
2435752301
2435626756
2435517124
2392766501
2392635929
2390130194
2390026630
2387373661
2385800287
2385687531
2385550254
2385456059
2383681500
2383460994
2383344570
2371639656
2371485530
2368956655
2368864232
2365060082
2364898513
2362462047
2362288452
2362153623
2353143542
2353050943
2351035593
2350948815
2339442450
2339325664
2339112979
2339022583
2337571619
2337474794
2337157908
3282553363
3282475291
3282412777
3282333669
3282263076
3282203829
3280569987
3280495952
3280437500
3280349437
3280290578
3280219317
3279990287
3278794972
3278675143
3278365944
3278279523
3277991178
3276531419
3276384723
3276333514
3276098324
3276002094
3276010559
3253877086
3253812229
3215483917
3215371257
3176782834
3176648614
3172405625
3172368530
3170477743
3170432539
3166616641
3166564380
3143329659
3143205143
3019353415
3019241625
3017353522
3017221173
2992561442
2992490252
2992440348
2983844150
2983786347
2981833288
2981775771
2971715011
2971578484
2971447386
2964834126
2964687795
2961299635
2961190336
2953936233
2953853651
2950026895
2949911569
2940942307
2940911046
2930254550
2898057696
2897839994
2897669822
2897155244
2836552005
2836411803
2831392646
2831265624
2821032949
2820936252
2790068477
2789993878
2787526941
2787439607
2787378013
2761698030
2761639591
2753957843
2753860963
2753757389
2569610900
2569531910
2569470828
2569415435
2564666119
2564619977
2558290213
2558255566
2558190331
2551608784
2551542175
2549370824
2549312032
2547470370
2547401914
2519578655
2519500261
2506349579
2506261838
2485030583
2484943506
2477849405
2477800088
2477746257
2473125373
2473082189
2468922471
2468846659
2468766885
2468728087
2468689041
2468492567
2468440492
2466329104
2466251464
2464237242
2464111444
2461860027
2461673740
2422924793
2422858795
2422795457
2409698555
2409573458
2408934303
2408862401
2408739164
2408676984
2408596949
2396853029
2396777809
2394217435
2394164458
2394117404
2394013952
2393938301
2391732708
2391685864
2391638514
2391598299
2391528477
2389417409
2389369790
2389294947
2389225228
2387167278
2387141641
2384991738
2384912976
2384874638
2370561778
2370501749
2370369922
2370304956
2360967787
2360919761
2358732338
2345271263
2345234203
2345194817
2345010284
2344913504
2344805144
2342697755
2342612547
2340758007
2340708351
2340427982
2340351818
2338777465
2338747629
2338592600
2338518261
2299914029
2299839539
2299765384
2293063938
2293017034
2242431894
2242357538
2229782323
2229727968
2223209824
2223148903
2155091523
2155057012
2155027337
2150310242
2150227455
2150143180
2150046912
2147674179
2147599720
2143068040
2143029739
2142818356
2142732998
2140909782
2140852054
2140811598
2140756554
2140564047
2140472792
2138518565
2138297645
2138255770
2131074750
2131035406
2130952527
2128562199
2128345682
2128246705
2126235336
2126181113
2126115511
2126051389
2125977137
2124119461
2119510858
2119467190
2114306261
2114243659
2114206849
2111878655
2111816681
2111759221
2109394691
2109345207
2109315189
2109196720
2095109318
2095042536
2093179602
2093135715
2093093353
2090853858
2090723363
2090673117
2090563371
2088689965
2076724492
2076679006
2070303765
2070247171
2070184901
2067842765
2067783943
2067682924
2067225691
2067132796
2066985045
2064776227
2064732159
2064407159
2064299688
2062184630
2062110829
2061999071
2061873247
2057847701
2057800235
2042672337
2042627128
2040077684
2040031687
2037389172
2037339784
2008858712
2008682205
2008512273
2008367535
2008190776
2008015176
1995781321
1995727685
1995624333
1993659090
1993608233
1993547070
1973627733
1973572197
1973512453
1964268761
1964210652
1959894535
1959849601
1957974007
1957930465
1921687382
1921641351
1919185854
1919132235
1919064824
1917156248
1917082932
1917020010
1916977618
1916938412
1916875081
1914852668
1914800303
1914767643
1914738712
1897861905
1895253208
3281992071
3281910109
3281917774
3281806883
3281703281
3281439600
3281300755
3281132641
3281023107
3280916901
3279564078
3279352903
3279245214
3277799119
3277147265
3277032932
3276104603
3275764122
3275399089
3274908009
3274794292
3274044106
3273984397
3273762335
3273682019
3273529667
3273406205
3273198469
3271533573
3271361745
3271300655
3271167229
3271091560
3269300934
3269177095
3269073509
3268972959
3268658255
3268525602
3267108167
3267007062
3266755167
3266669995
3264795254
3264666466
3264475193
3260908794
3260819879
3260732358
3256134112
3255993998
3250984139
3250809289
3279392401
3278707616
3278548190
3278458756
3276957488
3276692247
3276519753
3249909565
3249764299
3217296290
3217181531
3213067383
3162679602
3162510385
3138849710
3138779907
3138232418
3138154278
3138061022
3137212042
3137133270
3137048517
3119032036
3118949270
3117077292
3117053945
3116981316
3116909612
3105842270
3105711723
3092701862
3092610492
3092535908
3074236350
3074166936
3064897209
3064754816
3064641857
3062112597
3062019131
3060335733
3060184044
3058038253
3057978475
3057893021
3057837348
3056712176
3056573605
3052498927
3052432253
3051413009
3050973393
3050762338
3050445400
3050172000
3048603306
3047560937
2917131659
2917034964
2916844783
2916745666
2916674017
2914862113
2914766868
2914388148
2914286798
2912361376
2912302758
2893170323
2893059769
2889067403
2888927298
2879994794
2879848882
2879698998
2874688069
2874626864
2872356307
2872300334
2860050176
2859956166
2857676981
2857592475
2849873307
2849755256
2849636859
2849553097
2849458439
2847295846
2847302419
2847184720
2845297899
2844545983
2823694085
2823641611
2823584846
2791944941
2791786924
2786297644
2786166833
2772418512
2770424059
2770373013
2766810328
2766661245
2766356694
2766293938
2764570847
2764486115
2762896575
2762772530
2750797088
2750658640
2750593827
2742014780
2741887525
2741241696
2739625496
2739447433
2739285942
2729329575
2729158600
2726618460
2726515102
2724508884
2724390790
2718592440
2718489653
2718526034
2696533597
2696411088
2696260281
2696184573
2691449871
2691363375
2687929891
2687828538
2687635219
2687506599
2675996162
2675947244
2675863393
2668365100
2668233373
2665415486
2665279316
2660695595
2660589253
2656925945
2656839144
2540132733
2540027204
2539890484
2537286429
2537163589
2529407904
2525745437
2525566002
2525452390
2525095455
2524959542
2523000065
2522889565
2522730902
2522469944
2522255182
2522021209
2518310741
2518182762
2518077827
2516322001
2515976901
2503496979
2503348969
2503195259
2503085154
2487714524
2487596245
2485324437
2485233256
2483387121
2483246060
2473693876
2473583647
2469608363
2469491045
2465530478
2465299203
2465101901
2464857522
2464739613
2464572892
2463084913
2462948101
2462509279
2455734807
2451439716
2451353878
2451274381
2449723633
2449610686
2449278805
2447532029
2447364441
2447182071
2447065491
2444980752
2444840488
2444490247
2444399524
2442565303
2442522485
2442390070
2441988389
2441902694
2441750287
2441659625
2440497239
2440376648
2440252878
2440121708
2439946663
2439811503
2439745493
2437245892
2437184139
2435259969
2435185724
2432892820
2432795898
2395812005
2395614742
2392748824
2392633749
2388425875
2388297996
2386205322
2386034670
2385895252
2378025252
2377871103
2362829195
2362614703
2341487295
2341377121
2341251653
2341179604
2339692096
2338924083
2338851168
3299505297
3299451018
3299354377
3282300073
3282243909
3282193242
3280170927
3280117786
3280002255
3279907240
3278554450
3278370778
3278171855
3277897323
3276529430
3276246388
3276156941
3275738929
3249889032
3249766325
3242565631
3242501668
3242430132
3242401948
3240161612
3240078939
3240086740
3239358776
3238954677
3225512414
3225432207
3218960737
3218908053
3218798615
3216795099
3216697654
3214987798
3212772508
3202257413
3202221138
3202194955
3200320861
3200277095
3198418843
3198371067
3194167693
3194117006
3194037413
3189850821
3189817707
3168505351
3168473309
3164439364
3164370241
3164376207
3164318697
3164067714
3163996103
3163936865
3161695271
3161379302
3053487404
3053386900
3051920671
3051844059
3049835956
3049710175
3049629171
3049192050
3047588593
3047500243
3047240373
3047017541
3046767664
3045250668
3041456353
3041353830
2975540941
2975454784
2949777215
2949654188
2945426353
2945437594
2945279574
2941206071
2941102313
2938963655
2938923627
2917087356
2916939544
2916825477
2914810665
2914672760
2914598448
2914391799
2914306895
2914131399
2914075694
2912617942
2912523653
2912396332
2912250384
2912047290
2911990259
2910282408
2910215771
2883299910
2883261222
2883164402
2881277075
2881225937
2881147903
2881075189
2876456125
2876401628
2876355687
2867313126
2867248508
2863130634
2863093560
2863053784
2856977455
2856917049
2849058593
2849034840
2848964766
2844615916
2844647758
2844533751
2844559884
2844276113
2844198073
2812400996
2812350773
2810415719
2808251455
2806175311
2806100392
2794938676
2794891284
2785397865
2781274033
2781237599
2763958954
2763897966
2763724205
2763668231
2745911794
2745864723
2745830432
2743414037
2743352161
2740966265
2740851412
2740663777
2738872552
2738678785
2738348820
2730623327
2730533456
2730432722
2729801094
2729678939
2729539874
2727610491
2727428126
2727005615
2677839586
2677775647
2677718897
2667384586
2667295362
2667251333
2660227960
2660185249
2660153361
2656346968
2656242896
2635697623
2635642936
2635417108
2634999140
2623048563
2622991274
2622866224
2622506703
2620218851
2611491997
2611458034
2611401482
2601469980
2601414544
2571638915
2571533521
2571551905
2534499512
2534443615
2528758862
2528716832
2528674982
2524144375
2524072750
2521946773
2521884982
2519797903
2519721164
2519656393
2517688499
2517642379
2515494286
2515450215
2515394312
2515338113
2513597584
2513531885
2513478472
2513423345
2506922128
2506858239
2504779798
2504710320
2504642292
2504456080
2504384119
2500302264
2500255082
2496218266
2496174420
2493848400
2489125331
2489078181
2487085535
2487017710
2486821284
2478018015
2477918657
2477859692
2477809112
2477713010
2477612698
2473102611
2473057170
2473039182
2443665832
2443619695
2443568380
2420384823
2420314346
2406284056
2406252964
2389480433
2389419911
2384852667
2384777976
2377305330
2374869737
2372712663
2372669841
2372591322
2372508859
2370514157
2370475520
2370352605
2370306451
2368300626
2352541662
2352477929
2352366928
2340503524
2340365661
2338589621
2338518781
2338414744
2338300743
2306542475
2306510122
2261475074
2261415494
2261422663
2261289415
2261252466
2254600140
2254563065
2254492119
2252189313
2252132382
2249500814
2249446309
2249299170
2249316477
2249209122
2244602286
2237658593
2237614992
2227450062
2227386873
2221221964
2208569149
2208511321
2206077451
2206001051
2197814888
2197771156
2176536597
2176491623
2171668128
2169252990
2169188139
2166643695
2166589193
2161534632
2161430185
2161368542
2161314147
2157486271
2157409775
2154976884
2154912682
2154919997
2150098947
2149958569
2147599720
2145382874
2145345529
2145246045
2142836969
2142768039
2136258105
2136226632
2136161482
2133779907
2133712760
2131129958
2131079341
2131046519
2130995609
2128562199
2126247810
2126185180
2119298851
2119204752
2119153807
2114306261
2114243659
2114206849
2114116895
2111645962
2111659733
2111629918
2105338847
2105297570
2105078917
2105029175
2103037782
2102970634
2102953256
2102891774
2102840567
2088860540
2088817596
2088620792
2042534708
2042493046
2040077684
2040031687
3303399083
3280960198
3280868403
3280779062
3280678605
3280581397
3280507299
3277744144
3277715201
3277066837
3276550251
3276393537
3275206476
3275012710
3274481444
3268866621
3268668060
3268476566
3268336723
3268239820
3268089770
3266375635
3266265373
3266107003
3265956600
3190851402
3190693688
3183642417
3183517892
3183420878
3178469207
3178221156
3178085343
3177721715
3177621173
3176278569
3176111184
3176048687
3169681187
3169535101
3165568874
3165445224
3164990402
3164886797
3158760403
3158662908
3158517068
3158410031
3158337115
3152626375
3152566926
3150777192
3150454026
3129298323
3129218870
3127445343
3124003539
3123891198
3123758895
3119708265
3119616191
3117796245
3117775703
3117602588
3117482186
3113604406
3113547446
3113396753
3113329729
3112099135
3111985866
3108008182
3107851814
3103697483
3103572892
3101881334
3101729553
3099834384
3099658458
3083356980
3083258093
3083107298
3081568973
3081442681
3080986135
3080907697
3080836639
3079641087
3079540374
3074602419
3074455184
3074348922
3074248534
3074176776
3070684942
3070586586
3069039614
3068952703
3065393497
3065304314
3065195931
3056817837
3056692987
3056251254
3056190708
3048576752
3048290719
3048088526
3047637017
3047493774
3046074799
3045880650
3045424107
3030381197
3030280075
3022715515
3022638167
3013750730
3010179177
3010066730
3008300918
3008161872
3007996626
3007804158
2979953656
2979825842
2979737413
2972978607
2972824737
2972634851
2937483886
2937395309
2933619472
2933526360
2931608337
2931428817
2927566891
2927421727
2921367354
2921281135
2921289816
2900410744
2900244171
2899672816
2899561092
2899438605
2859643364
2859617090
2859520032
2859494766
2855933337
2855895541
2855706828
2855536534
2855350287
2855399508
2854760149
2854647291
2853134038
2852953438
2852705065
2852447317
2852292976
2809357386
2809219106
2806724051
2806590768
2806485494
2804299313
2804116080
2803970524
2803744138
2803639162
2799475504
2799376216
2793594888
2793512692
2793350159
2791951790
2791819408
2791680940
2789133159
2788994348
2788827475
2782560272
2782438518
2773824989
2773609715
2770310694
2770214125
2770059505
2770006311
2769936811
2768245207
2768178933
2762826162
2762723869
2762591598
2757828149
2757679066
2755701613
2755498183
2755059175
2754971409
2709050623
2708942061
2708845194
2704979325
2704880245
2704749420
2700957746
2674097781
2674015636
2672073478
2672015477
2670106443
2670013584
2668369305
2668156923
2667934665
2660860004
2660775262
2637503649
2637380751
2636317210
2636220638
2636096325
2631622003
2631224117
2616975502
2616774839
2616654771
2610082213
2609980279
2609874136
2609761428
2605155746
2605030698
2604891443
2597290165
2597179283
2595160589
2593066794
2592901113
2588153979
2588042488
2587477506
2587360035
2585097433
2584933975
2583051792
2582825505
2582602097
2582490617
2582347765
2582214236
2582036063
2580207155
2580105667
2579928658
2577895715
2577756049
2545445798
2545393745
2545299883
2545251072
2545114502
2545034458
2544942608
2535674255
2535552089
2533712629
2533661491
2533570928
2531760761
2531621610
2520617412
2520486522
2518877397
2518740582
2505917998
2505811487
2505613611
2505484651
2503821179
2503626896
2503375889
2503274005
2501342105
2501259591
2499245347
2499128067
2497528742
2497358993
2491965478
2490142620
2489996174
2487898098
2487768822
2467241036
2467119481
2467020229
2464971377
2464848079
2464767697
2464677668
2462917508
2462617735
2462540843
2462247848
2460428144
2460049490
2459939274
2453856100
2442262919
2442165601
2442050367
2440436140
2440306646
2439838859
2439730874
2433365209
2433258759
2405046808
2392618020
2392514898
2388011630
2376218443
2376090757
2375785278
2375703758
2373859063
2373679043
2373337554
2373352627
2373250123
2371318549
2371143722
2364754785
2364629627
2362087737
2361926879
2361934158
2357729204
2357588616
2341489005
2341363447
2341141783
2341076862
2341008795
2339452396
2339356858
2339036228
2338979075
2337114343
2337048166
2296326755
2296178217
2280275987
2280174548
2280196570
3306756039
3306637213
3304773866
3304678082
3273223507
3273071194
3272953013
3272595212
3265984224
3180426986
3180330881
3180231922
3175615070
3175483077
3175239236
3175094308
3175000659
3141114465
3141002129
3140869489
3140795711
3130750258
3127360389
3121956726
3121840741
3121723977
3121532462
3121387871
3117288094
3117159487
3115201436
3115140837
3113610845
3113513704
3111859526
3111757721
3111686537
3110382717
3110279472
3110137351
3109923189
3109822574
3107748871
3107614060
3107513783
3101982828
3101868251
3101725581
3099322284
3099222749
3097374718
3097284723
3093207477
3093093115
3072464430
3072363361
3072276422
3070989916
3070788533
3066948068
3066784462
3062489509
3062281413
3048570623
3048404511
3047809080
3047728444
3047562405
3046328361
3045690961
3045590815
3040851250
3040743560
3040590834
3040472405
3040349217
3040247771
3040146079
3040033685
3036919730
3036757284
3036631111
3034884098
3034690028
3034505944
3034315917
3034187052
3034027961
3032508321
3032403618
3032267242
3024710248
3024561989
3022503819
3022396307
3022264614
2997793593
2997688362
2997703501
2995599563
2995514811
2993854519
2993658332
2993499635
2988704822
2988609800
2986834561
2986720363
2986617948
2982194455
2982142868
2976083678
2975926730
2969276964
2969163445
2929789223
2929670084
2923617655
2923493087
2921697819
2921572795
2919438462
2919299870
2897190211
2855799304
2855649374
2855435364
2854583374
2854477756
2854356568
2852303205
2852132510
2845147494
2845000695
2844890763
2844897743
2844845237
2844553245
2829815586
2829773792
2821319491
2821261015
2820788156
2820635559
2820435986
2791619869
2791463679
2791513004
2758104028
2757893940
2757790759
2751311502
2751186343
2750833543
2750751794
2749255535
2749087208
2748946818
2744362131
2744259144
2741298287
2741219726
2739497510
2739347066
2738927030
2737336515
2737079320
2736921333
2732104729
2732017221
2731876503
2731755936
2731569516
2731486839
2729665358
2729559374
2729447805
2729276558
2729208002
2726826414
2726700625
2726537865
2718450754
2718338979
2716259547
2716158120
2708960090
2708862807
2705239678
2705107339
2703116247
2703000569
2678331923
2678238536
2674269571
2674162943
2670758262
2670622958
2670511882
2664996581
2660834477
2660739466
2654899324
2654836293
2650212353
2650076125
2634540289
2631762404
2631420628
2607972415
2607886135
2607480045
2607386654
2597699701
2597591490
2589905829
2589817232
2582016424
2581931414
2580547933
2580387843
2578276735
2578154611
2577389111
2577275970
2575415314
2575295113
2572756319
2572638069
2533891520
2533813822
2527566128
2527470293
2525944649
2525840889
2525567742
2525447612
2525344944
2521186839
2521064902
2520859545
2516849432
2516732691
2514320733
2514206168
2512582303
2512453983
2512204269
2512076268
2510183651
2510090215
2507892790
2507782600
2505543167
2505452117
2489689205
2489577745
2473996721
2473926161
2472041836
2462609100
2462476425
2460678157
2460407804
2460260733
2460102446
2449676783
2449574763
2449327489
2449278887
2440173134
2440049330
2435605749
2435471046
2416935894
2390464514
2390413849
2387915348
2387840011
2387722180
2373011935
2372913968
2372835898
2362419163
2362288619
2360226480
2360091061
2355442625
2355346240
2353370575
2353247758
2346585013
2346425010
2341885090
2341721848
2338933372
2338859058
2337347932
2337222709
2336958971
2336889217
2336778948
2336709633
2325664596
2325516577
2319187696
2319048049
2318945871
2316913853
2316765120
2314301169
2311719270
2300208234
2300087915
2287845943
2280631515
2280496877
3279449712
3279296457
3278885465
3277530246
3277175546
3277010065
3270442790
3270350384
3270204062
3269901732
3269815726
3269666692
3268258056
3268023633
3267833959
3267680036
3166767662
3164690934
3164632037
3164541642
3117394869
3117284492
3117186929
3101729346
3101691900
3101519863
3078842318
3078734458
3076043626
3075985475
3070575406
3070511837
3064525388
3064420299
3056116247
3056031302
3044098153
3043987312
3043916331
3043742222
3043674192
3043547078
3041773833
3040190326
3040042728
3039970459
3039844591
3039796767
3039743091
3039645433
3038124007
3037985226
2877303459
2877233331
2877126361
2874859028
2874750028
2874447274
2874399645
2873311349
2873217217
2855210541
2855075753
2854984190
2854949894
2854997892
2847289420
2847211411
2843136331
2842975362
2842325763
2842231681
2813051963
2812969144
2809448302
2809327567
2797928477
2797788703
2795909843
2795773300
2793837151
2793756481
2770915335
2770752625
2770427334
2770318252
2768583062
2768472757
2766700185
2766419381
2766330252
2764479280
2764466628
2764346206
2762887871
2762792645
2758081275
2757940240
2754782714
2754692747
2748906707
2748790495
2748513995
2748406927
2747076983
2746951088
2741147908
2739787665
2739646288
2739533185
2738938108
2735483781
2735430185
2735175047
2735104415
2734993745
2733449970
2733288362
2731368036
2731264188
2731146292
2731015822
2729006709
2728781332
2720154930
2720072605
2718217171
2718125683
2718138733
2716708411
2716594603
2714275612
2714178143
2704823566
2704751332
2701369873
2701159257
2695848169
2695719783
2691797007
2691709901
2691626848
2687663985
2687591344
2687476423
2676675909
2676560965
2674754751
2674606122
2670834129
2670716484
2670421547
2665664898
2660821798
2660651126
2660586088
2659411495
2659286830
2659131392
2659023523
2657411166
2657278511
2654929584
2654854045
2632079518
2537685831
2537577547
2537448241
2531581273
2531494486
2529891997
2527726877
2525156136
2522713248
2522498623
2522518741
2522031042
2518311144
2518063442
2516320820
2516179440
2503727730
2503633886
2501098786
2501007313
2498634257
2498542424
2489644925
2489540603
2488198093
2488090033
2486067834
2485983505
2457547347
2453508573
2453426095
2453312103
2453183178
2446885122
2446745680
2446630609
2444159334
2444037053
2442473115
2442361952
2442248917
2442182095
2442079005
2441905752
2441767694
2439659337
2439579535
2437558029
2437449176
2437184549
2437115317
2434978588
2434917095
2397178838
2397084454
2395113816
2394953250
2391932477
2390060798
2389973898
2387882039
2387776879
2368932062
2368848420
2359749944
2359618370
2335041898
2334943929
2334793300
2333210499
2329694800
2327841085
2327668518
2308970732
2308903709
2307608012
2307459365
2307326274
2307170025
2307061735
2305178187
2305096169
2304985788
2283774931
2277773133
2277705842
2275939362
2275851680
2274191884
2274096044
2273706788
2273663306
2273581829
2262136920
2260175221
2260092023
2259953911
2259710454
2259633185
2259447359
2259388489
2257951381
2257798372
2257320396
2257233690
2245659803
2245541778
2245290214
2245214402
2245109998
2243424779
2243298373
2243184085
2054036104
2053844625
2053588527
2053484248
2053409365
2053245971
1990336970
1990238297
1981383777
1981276967
1980828286
1980734611
1980553570
1980456514
1978896942
1978795091
1978104707
1978010490
1976447166
1976307200
3295825131
3279344693
3279158362
3278691759
3277283501
3276522925
3252171519
3252065577
3251976811
3250770702
3250617042
3249980204
3167001321
3166907505
3108280015
3108133533
3101395945
3101324957
3078608141
3078513169
3074072535
3074004073
3066764014
3066693169
3059851614
3059787371
3054171170
3054091065
3050835678
3050406801
3048555430
3048186816
3047957875
3039861487
3039800170
3039743466
3039647879
3038120516
3037996012
2916542897
2916481440
2916408371
2914346387
2914278717
2914013128
2913969022
2912048548
2911996278
2905483343
2886032793
2885942991
2879545672
2877655216
2877527302
2877435617
2874661870
2874574677
2857992347
2857889756
2857921062
2857435834
2857369863
2847180111
2844847632
2788426049
2788318764
2764801798
2764670160
2760499384
2760350385
2760165098
2760044467
2757288592
2757163100
2753228522
2753137824
2751055847
2750971686
