4872451793
4872317348
4870161807
4870027903
4865556149
4865407245
4862093137
4861909497
4860696308
4860601984
4860499175
4860268240
4860113255
4859786676
4859691191
4859564369
4805931940
4805709018
4805511480
4803172208
4802928342
4797647892
4797554753
4797169768
4796981127
4795169367
4795065669
4794919504
4794760894
4792572793
4792467238
4792316250
4792186076
4758643335
4758329164
4758257984
4758091321
4757995528
4755628615
4755348281
4755267939
4743170778
4743039337
4742898968
4742032461
4741787153
4741518622
4737828660
4737660193
4734699185
4734569776
4725688567
4725518960
4725370654
4723921470
4723708501
4720711058
4720602867
4720609736
4720379880
4720225319
4595270415
4595048992
4590897816
4590720092
4590560958
4590323072
4590092480
4589871238
4565507375
4565197292
4564903836
4563073645
4562878976
4562402022
4539367075
4539090592
4534584573
4534238663
4533864934
4531492337
4531341405
4382744058
4382582462
4380737086
4380487306
4380032670
4379860752
4379695195
4379570867
4379489689
4379398996
4362956715
4362833663
4362572533
4362419413
4352549202
4352404583
4350358576
4350242887
4344319385
4344199487
4344084881
4343980800
4343911843
4262769848
4262598532
4262410159
4262300961
4262152575
4260951901
4260781528
4259252268
4259132764
4259004107
4259020182
4258902409
4247056908
4246925323
4246830677
4246503484
4246458367
4245066005
4245018412
4244937017
4244887721
4243544133
4243499211
4243419707
4243369105
4238597779
4238472417
4236745462
4236650456
4234905928
4234787679
4234695299
4234596808
4234538318
4234396273
4234333942
4234277405
4232732529
4232651707
4230971959
4230890141
4230819740
4229158575
4228970163
4223489300
4223428285
4221840257
4221784770
4214412957
4214324784
4212301818
4212233646
4212122245
4212064698
4155165022
4155083070
4153457727
4153176605
4124591856
4124479183
4124392449
4124258165
4124182422
4124098418
4124027214
4123968185
4123911989
4122372951
4122306160
4121307440
4121225396
4121146198
4120783957
4120666610
4120558919
4120432559
4120361086
4080856812
4080778303
4080723031
4080666526
4080601137
4080420268
4080316101
4078412913
4078363316
4078291886
4074639753
4074591870
4070556816
4070500759
4066760701
4066670110
4065281130
4065229720
