4865821968
4865712667
4861754075
4861607434
4861467475
4857772290
4857623860
4857329614
4857161491
4806947177
4806839879
4806691886
4806547309
4806313591
4805931940
4805709018
4805511480
4803563701
4803432187
4802631669
4802408491
4802196384
4800052059
4799860587
4797342704
4796973465
4795175991
4795094912
4794933340
4794758580
4792572793
4792467238
4792339297
4792185787
4757225229
4757053239
4756610815
4756367486
4754715185
4754458436
4753843318
4746278699
4746148700
4745949163
4745740115
4742700480
4742546162
4742322610
4739243305
4739013577
4725688567
4725518960
4725370654
4719683146
4719415038
4718731593
4718545868
4587662007
4587342482
4584291316
4583990277
4583541550
4583318221
4583329981
4567153134
4566979134
4566761961
4566404889
4566008301
4554108384
4553746326
4547663516
4547463917
4540026141
4539882942
4539644844
4534130957
4533876672
4530609516
4530325098
4458230100
4458040393
4457847533
4453949043
4453686832
4446684003
4446513826
4445393702
4445025919
4442679135
4442427381
4441871403
4441592615
4439258616
4438944367
4438573068
4438214692
4394195943
4394083093
4391344896
4391198895
4390505663
4390324752
4390141811
4389776180
4389656871
4366450465
4366228479
4366102736
4365913417
4365373361
4365260751
4360532129
4360357385
4360165852
4352823422
4352691963
4349524207
4349463137
4344956320
4344785582
4344636717
4344319385
4344199487
4343984524
4343926328
4262410159
4262300961
4262152575
4260586536
4260436506
4260327439
4259183236
4259101532
4258985068
4258853033
4258763436
4258694635
4247243752
4247178238
4247094184
4245903227
4245828481
4244401270
4244302437
4244186412
4244074485
4243965384
4225872520
4225756508
4225649985
4225546373
4225454337
4224306491
4224201762
4224081526
4221840257
4221784770
4214212341
4214141320
4210648278
4210584115
4210506980
4210464788
4192237735
4192159128
4192167650
4192051898
4191920420
4191790182
4191479537
4191349439
4190235763
4190155073
4187903012
4187752911
4186479392
4186389316
4186297680
4185745466
4185679954
4184546816
4184421518
4184265897
4184178055
4182939521
4182861409
4182755577
4182682702
4165365412
4165227618
4165133945
4157256397
4157143183
4156943841
4156823337
4156716299
4155165022
4155083070
4153563499
