4874877277
4874722743
4873321314
4873193498
4872909115
4872748442
4862724858
4862639921
4862569782
4861754075
4861607434
4861467475
4860547556
4860390602
4860197676
4860032461
4859701030
4859568866
4786390614
4786170965
4785897790
4783749639
4783519017
4783365195
4763825745
4763732288
4763563964
4763429405
4763221072
4762773663
4762597245
4760209790
4760066384
4759895182
4759632994
4759381344
4759146456
4757642003
4757460326
4757065572
4756864981
4756390143
4756203448
4754359488
4753555448
4753342569
4737828660
4737660193
4735107360
4734915083
4726107084
4725901207
4719809516
4719390871
4719014437
4718722365
4718522832
4591326178
4591092628
4590932163
4587377491
4587140075
4586824661
4584025940
4583692247
4583075887
4582913393
4571560543
4571435212
4571332503
4571162988
4570962993
4570578980
4570204459
4569895339
4567153134
4566979134
4566761961
4565507375
4565197292
4564903836
4555084908
4554867853
4554578846
4551368417
4551191215
4550987172
4544415572
4544296911
4534596947
4534229684
4533871683
4531036827
4530650757
4530320749
4506288992
4506113548
4455844521
4455605158
4455391522
4452957837
4452597714
4452512514
4452154794
4451380824
4451249407
4451044917
4448290688
4444864347
4444809754
4444508029
4444290644
4443990436
4440956697
4440670841
4440555547
4386950602
4386667317
4384124654
4383927414
4380567509
4380398304
4380057239
4379949926
4366450465
4366228479
4366102736
4365913417
4360532129
4360357385
4360165852
4352549202
4352404583
4350011381
4349909776
4344416524
4344308027
4344197996
4344040310
4343985227
4343912120
4260951901
4260781528
4259398970
4259303225
4259183236
4259101532
4258985068
4242775644
4242685247
4242516835
4242422362
4242327463
4241101351
4241024421
4239399030
4239316346
4239152104
4239059576
4225872520
4225756508
4225649985
4225546373
4225454337
4225316847
4225246100
4224306491
4224201762
4224081526
4221991523
4221927771
4216161894
4216097731
4212423876
4212332430
4212258125
4212174141
4212121431
4212063876
4191479537
4191349439
4189993287
4189865872
4189718921
4186479392
4186389316
4186297680
4186019432
4185928449
4184944179
4184872331
4184751503
4184676146
4183451840
4183354725
4183229556
4183114529
4169198349
4169100790
4168955570
