4875804229
4875616323
4875430981
4875286435
4875096452
4874877277
4874722743
4871142851
4871042223
4870876025
4870893860
4862724858
4862639921
4862569782
4862093137
4861909497
4858009797
4857868265
4857682196
4857432327
4857280387
4857140141
4799474584
4799287957
4799062249
4796609238
4796449659
4794491877
4794216692
4793983337
4793812060
4791944283
4791794822
4791483362
4791302053
4760279083
4760109394
4759917575
4759654609
4759372928
4759116001
4757528683
4757071686
4756827559
4756367486
4756207590
4754321660
4753682553
4753401405
4746278699
4746148700
4745949163
4745740115
4745038671
4744857442
4743170778
4743039337
4742898968
4741288719
4741144901
4741085503
4740908625
4738668040
4738300224
4738077970
4735720615
4735429318
4728731972
4728571362
4728421263
4722709339
4722477400
4719809516
4719390871
4718971547
4718739814
4718449858
4588682521
4588432372
4588053078
4584636869
4584496843
4584315256
4583872244
4583527633
4583276337
4543372361
4535259788
4535094481
4534130957
4533876672
4531207138
4530957541
4456889203
4456649237
4456461343
4456276818
4451967003
4451685412
4447438965
4447340999
4445155571
4444864347
4444809754
4444406979
4444120972
4441270602
4441227141
4441156594
4440802117
4440532148
4397073980
4396938304
4396736463
4396548751
4394195943
4394083093
4390337783
4390104060
4389920604
4389814297
4389664974
4359985197
4359881635
4355278699
4355113738
4349524207
4349463137
4347242760
4347114777
4346893642
4346882624
4346806050
4346765772
4346702793
4263024920
4262918767
4261276736
4261111650
4259252268
4259132764
4258790488
4258697655
4247541248
4247453182
4247393718
4247243752
4247178238
4247094184
4245889049
4245820100
4244353752
4244284417
4244077973
4243965501
4138897436
4138834856
4138748557
4138654389
4138539349
4137154017
4137068752
4127768032
4127637673
4127531266
4127419501
4127364625
4126775565
4126645476
4126570281
4126075780
4125961121
4125840415
4125791133
4078566725
4078478649
4078180258
4078079157
4074639753
4074591870
4070423361
4070356125
4066775838
4066704198
4065260154
4065211201
4065042825
4064993264
4064786062
4064708096
4063369023
4063289036
4062151757
4062098446
4062010988
4061952570
4061742840
4061660411
3943981461
3943893584
