4870161807
4870027903
4865821968
4865712667
4864333508
4860268240
4860113255
4859847622
4859719549
4859570068
4800052059
4799860587
4796609238
4796449659
4794419186
4794237066
4793945126
4793807482
4791944568
4791751224
4791484558
4791300748
4763403415
4763242107
4762928869
4762564923
4762311313
4759654609
4759372928
4759116001
4757394304
4757225229
4756613530
4754310751
4754118141
4753590337
4753401405
4741288719
4741144901
4741085503
4740908625
4739243305
4739013577
4726107084
4725901207
4724054770
4723918570
4720771946
4720625198
4720366906
4720148591
4593017705
4592878564
4592165382
4591830345
4588682521
4588432372
4588053078
4585002665
4584903905
4584779347
4584291316
4583990277
4583581680
4583330794
4512023338
4511780213
4511456383
4510043532
4509838772
4503949536
4503745819
4503404721
4474867722
4474760364
4456915790
4456616870
4454373838
4454198059
4450420841
4450324880
4450172835
4448955407
4448735106
4445211563
4445026879
4442722743
4442437455
4441913226
4441612714
4439198692
4438925929
4438573068
4438214692
4415808970
4415619139
4415453336
4414936899
4414750044
4412842336
4412400979
4412229837
4412068738
4411847728
4396327192
4396072387
4393899775
4393662926
4391194445
4390980042
4390337783
4390104060
4389805142
4389680696
4329424310
4329276408
4329131044
4326910684
4326819878
4325609412
4325492061
4325081356
4324947924
4324846084
4324762445
4316133030
4316043661
4315959867
4313822436
4313743851
4313614567
4313502911
4261930453
4261800411
4261746820
4260507907
4260363573
4259898754
4254428768
4254301154
4253310063
4253254208
4253039074
4252728209
4252621747
4252496556
4252435946
4245699325
4245593452
4245485692
4244342616
4244296297
4244083000
4243970656
4080856812
4080778303
4080723031
4080666526
4080601137
4078412913
4078363316
4078291886
4074821374
4074748928
4074694505
4072354014
4072252473
4066751467
4066688247
4065268827
4065211218
4065084843
4065017593
4064796732
4064721264
4063558826
4063518923
4063359785
4063299885
4062010988
4061952570
4061721528
4061671194
3973105146
3973023989
3972937677
3972835248
3971176821
3971089692
3970990054
3970420652
3970333065
3968380074
3967446758
3967285140
3967062172
3966788182
3966654369
3966401120
3954100793
