4878946450
4878857306
4878773001
4878478915
4878397826
4876585714
4876517935
4874280950
4874213742
4872370291
4872268196
4870215866
4869652085
4869580980
4867639531
4867557142
4797183443
4796977002
4795175991
4795094912
4794909382
4794758161
4792581346
4792472025
4792316250
4792186076
4773877454
4773737803
4773624298
4773529306
4773419928
4773301734
4773205850
4773108946
4773026386
4771627032
4771216787
4771048862
4770891142
4770490885
4770343012
4758908083
4758641175
4758471810
4758177931
4755632004
4755544733
4755345911
4755267939
4736279968
4736023765
4729969962
4722709339
4722477400
4722213392
4722056446
4718971547
4718739814
4718449858
4676437266
4676057696
4675799492
4675147105
4674898535
4673195586
4672838125
4671317309
4671123686
4670927030
4664332567
4664210298
4664080200
4659121955
4658814641
4657883431
4657727665
4642906154
4642702302
4642438858
4636694176
4636206682
4635722392
4635482132
4594744663
4594517082
4592134915
4591559830
4591327386
4590973727
4590786636
4590551693
4590242958
4590050050
4589894452
4566404889
4566008301
4563353379
4563231613
4544130276
4543931757
4543697893
4535259788
4535094481
4534808250
4534560333
4530609516
4530325098
4514905549
4514707466
4513577630
4513426749
4509598218
4509275911
4509118359
4506609402
4506392515
4505734154
4505573026
4505151307
4505001407
4502174407
4502007902
4501605088
4501492953
4486818012
4486563424
4486274781
4485721232
4481114941
4480843594
4475774173
4475663756
4472818632
4472575522
4472339927
4472133690
4470267659
4470038141
4469640517
4468995163
4468746322
4468455160
4468040487
4467895213
4467861004
4386594502
4386347746
4383693302
4383503718
4383278918
4383079528
4382933338
4380396659
4380250142
4380137499
4380037597
4379536402
4379462977
4379381538
4331392433
4331261735
4330186355
4330084069
4328997632
4328877208
4328763732
4326702881
4326632345
4323898544
4323799990
4323343583
4323231369
4323089918
4323010596
4322944973
4310516853
4310445125
4302651104
4302582133
4300687596
4300608495
4300509850
4296688619
4296626170
4296326382
4296264398
4296191104
4290122692
4289991744
4289878826
4288516689
4288362661
4288231067
4287615015
4287496829
4287408602
4285636078
4285506165
4284887528
4284792150
