4896322388
4896277753
4896240837
4896243111
4896222381
4896097089
4896040961
4894403418
4894322762
4894264887
4894186925
4894083817
4892406145
4892314675
4890756454
4890640926
4890534860
4890373782
4890198782
4864131645
4857862981
4857674212
4857261684
4857149385
4804119705
4804035910
4803969544
4803917376
4798002363
4797960557
4797898677
4764063043
4763996089
4763912445
4760639549
4760583694
4760461194
4760356668
4760254118
4757695557
4757612637
4757410433
4757255111
4754925133
4754593958
4754459760
4652886575
4652782513
4652620247
4649128575
4649038714
4644790836
4644711692
4621546749
4621444038
4621277523
4611960827
4611832091
4593510321
4593418369
4593228786
4593044163
4589048794
4588924025
4588722721
4588518510
4585370666
4585294181
4585213959
4585106284
4585020630
4584926234
4584751884
4584611165
4584423951
4547663516
4547463917
4538616106
4535329271
4535134392
4534910465
4531492337
4531341405
4484371621
4484259108
4484133013
4484108198
4388605840
4388518100
4388392868
4388283142
4385227496
4385152053
4385051652
4384965961
4384835742
4382080118
4382014969
4381687183
4381511778
4381405770
4381169556
4380917596
4287254843
4287165140
4269412592
4269371714
4256635530
4256588386
4256535573
4256499675
4256452859
4256392973
4254998044
4254966372
4254924491
4244800328
4244763838
4244708691
4244669839
4244638504
4244629448
4241480224
4241431538
4240024275
4239993154
4239962437
4239894459
4239828839
4235710082
4235721722
4235635470
4208904700
4208872025
4207411185
4207374712
4201445046
4201328023
4199798564
4199608770
4199459660
4197632134
4197569497
4196357950
4196238804
4194525523
4194420747
4192953928
4192862920
4172246961
4167511102
4167453098
4167392426
4164174907
4164131068
4163772878
4160896782
4159356404
4159322620
4156179744
4156133041
4156083351
4156013395
4155937976
4150942599
4150897126
4149324343
4149284600
4149251635
4140508573
4139086517
4139044469
4137567270
4137520941
4137476909
4137352380
4137275387
4137167029
4135911187
4135834663
4123661540
4123610203
4123448244
4123362981
4122337462
4122271299
4122235850
4122090943
4122021784
4121848862
4121742587
4097390258
3481518767
3481451865
3481386573
3479726784
3479691896
3477835317
3477791353
3477751612
