4862287334
4858276895
4858149008
4858022660
4857833444
4857624404
4857405836
4857260888
4857149440
4766574317
4766341006
4766129955
4765883293
4765713300
4761974378
4761746238
4761034699
4760932137
4758426906
4758322482
4758084776
4757990615
4755688432
4755336087
4755255339
4729969962
4723506106
4723256119
4722997821
4720366906
4720148591
4598672775
4598518833
4598386529
4594743242
4594508757
4590973188
4590726505
4590124801
4589868980
4570578980
4570204459
4569895339
4567572611
4567476943
4567322054
4563353379
4563231613
4544415572
4544296911
4535629696
4535493681
4535329271
4535134392
4534910465
4531118455
4530843523
4530331319
4454373838
4454198059
4452958718
4452519112
4452220633
4446840640
4446709391
4446524784
4446215532
4445801224
4443554402
4443444594
4443194662
4443050338
4440056922
4439948399
4439724117
4439564795
4386310003
4386084037
4385859934
4383238880
4383097001
4379500939
4379393532
4362572533
4362419413
4359985197
4359881635
4354955458
4354814830
4349774156
4349717315
4349619973
4347113906
4346925546
4346798028
4346701054
4242053960
4241988057
4241918915
4241822333
4241769720
4240454709
4240308043
4240239098
4240179298
4218945748
4218884954
4217666169
4217581342
4217500269
4216161894
4216097731
4212862346
4212754797
4212301818
4212233646
4212138293
4212063073
4185827804
4185741706
4185747044
4185668920
4185599861
4185513198
4185462423
4184101086
4184003337
4182394273
4182348450
4157256397
4157143183
4156943841
4156823337
4156716299
4154969935
4154833941
4153298457
4153054156
4129149098
4129091851
4128725860
4128665049
4128607771
4127078582
4127037375
4125675278
4125625917
4125531127
4125470507
4070612749
4066759760
4066666471
4065251250
4065192690
4065083072
4065016209
4064796732
4064721264
4063571098
4063527110
4063378608
4063266100
4062143387
4062103539
4061742840
4061660411
4031939643
4031887529
4031793106
4031635095
4031513567
4030133741
4030059076
4029867169
4029782118
4028198178
4028093026
4026215919
4026170962
4026109863
4026056800
4024317405
4024230549
4024135198
4024032892
3970454002
3970279887
3970112306
3970041014
3968073382
3967908532
3966866578
3966581710
3966411393
3966233770
3966036899
3917323099
3917196768
3917076539
3915763230
