4895967030
4895878753
4895769989
4895561660
4895407807
4895242023
4894257480
4894187671
4894107881
4893508790
4893349765
4893206092
4891888089
4891379575
4890256608
4889995626
4889865830
4889691529
4889341660
4783749639
4783519017
4783365195
4775085828
4774978362
4774849251
4774456377
4774292698
4771820336
4771622968
4771282604
4771141326
4763825745
4763732288
4763563964
4763429405
4763221072
4760209790
4760066384
4759895182
4758967930
4758865587
4758704295
4757569071
4757460326
4757266538
4757065572
4756584873
4756363896
4754652918
4754474641
4753773075
4675147105
4674898535
4672352355
4671867279
4671645745
4664332567
4664210298
4664080200
4661463096
4661263272
4661127217
4660922266
4660771096
4657384268
4657218941
4637280268
4637035909
4629865510
4610854555
4610569297
4607888358
4607687000
4607510141
4592783067
4592592394
4592202749
4591896729
4591584278
4588156520
4587905708
4587366935
4587103324
4586839668
4584317000
4583971219
4583530543
4583057643
4582900498
4538046139
4535411193
4535217452
4535009122
4534787739
4534493687
4531454265
4531265898
4530980256
4470530791
4470330629
4428896826
4428668188
4428440303
4425555550
4425322221
4422385976
4422252151
4422237878
4422075046
4413013195
4387929219
4387747183
4387481851
4387280057
4384864296
4384722315
4384552690
4384350099
4383565602
4383336945
4381737427
4381593060
4381473429
4381280469
4381129139
4380927854
4380112926
4380120133
4379963438
4361415004
4361307393
4361103814
4360946836
4360786990
4263024920
4262918767
4262769848
4262598532
4261276736
4261111650
4259398970
4259303225
4258853033
4258763436
4258694635
4249591322
4249433277
4249327626
4240871777
4240750959
4239468995
4239372700
4239210907
4239070581
4203995670
4203910254
4203837386
4203737549
4203650906
4203460130
4203305700
4201445046
4201328023
4200064323
4199963942
4198609065
4198550124
4198476601
4196357950
4196238804
4195047478
4194914733
4193202540
4193086182
4167186798
4167080993
4166915737
4165365412
4165227618
4165133945
4162318948
4162187093
4162115954
4145701185
4145623465
4145484050
4141979207
4141930543
4141785813
4141662974
4138739250
4138635677
4137273786
4137208041
4137126614
4137030242
4136919260
4122693629
4122627785
4122570453
