4938043323
4937919669
4926395766
4926414862
4925947940
4922200429
4922080646
4920868571
4920737807
4918902984
4918749874
4906958487
4906806636
4891028474
4890803314
4889502467
4889265404
4889115579
4888974952
4888646940
4793238468
4793142549
4793036922
4776336147
4776206431
4776115292
4775936949
4775840182
4765357096
4765171890
4765047756
4761974378
4761746238
4761499538
4761324087
4761155756
4758638391
4758295367
4757990615
4756021864
4755820409
4755555603
4755451076
4694644541
4692518490
4692376698
4692080082
4691127101
4684797052
4684587744
4684431112
4682441576
4682249260
4680079878
4679862945
4679540286
4619061121
4618746514
4618181536
4617880283
4614281533
4613932404
4595717353
4595420735
4595186196
4591835237
4591509686
4591130491
4590912408
4590715868
4590369789
4590169675
4589896562
4586491830
4586375406
4586200239
4565435024
4565260299
4511087345
4510818263
4510522220
4510391371
4506872626
4506492138
4408222222
4408053007
4404647625
4404482446
4404148157
4404034913
4387438634
4387237669
4386999276
4386675651
4386481874
4383942169
4383655364
4383417232
4383243288
4383096576
4380514340
4380332340
4380096875
4379948961
4379507157
4379404932
4366467650
4366266625
4362829161
4362722110
4362169068
4362017739
4351108530
4350950072
4342990410
4342831017
4327341777
4327199705
4327024640
4325609412
4325492061
4325360350
4325223495
4324846084
4324762445
4282931617
4269885870
4269812285
4269614877
4254281272
4254143853
4254044201
4252641933
4252538322
4252237421
4252175414
4247430388
4247312462
4242036211
4241924040
4241842006
4241768661
4240797209
4240679392
4240573497
4240372127
4240305259
4240239098
4240179298
4234846563
4234735678
4220987818
4220781895
4220701315
4220621061
4187752762
4187602083
4185950283
4185859072
4174783406
4174654504
4172699155
4165209911
4165073662
4153695202
4153176605
4151308610
4151097974
4151011521
4149905633
4149912758
4149895723
4149510661
4141483599
4141382948
4137880076
4137817859
4136547289
4136470556
4136403129
4129792477
4129653322
4117109279
4115747788
4115539182
4115462647
4115390591
4115327727
4110679254
4110481575
4110430113
4105370066
4105203481
4096105880
4095994938
4095870485
3977712490
3977595239
3977438107
3967908532
