4864333508
4858274098
4858176945
4858009797
4857868265
4857682196
4857261684
4857149385
4806947177
4806839879
4806691886
4806547309
4806313591
4803172208
4802928342
4797814794
4797689235
4797552749
4797169768
4796981127
4795186389
4795068056
4794909382
4794758161
4792572022
4792472522
4792339297
4792185787
4782921586
4782595343
4764163425
4764094931
4764034021
4763958935
4760639310
4760575070
4760127566
4760003241
4757706825
4757659839
4757470962
4757318890
4754961808
4754650617
4754513886
4745038671
4744857442
4742700480
4742546162
4742322610
4739767983
4739652561
4739473336
4728731972
4728571362
4728421263
4720771946
4720625198
4720443930
4720242983
4597663339
4597569325
4597456570
4593323029
4593188224
4592963392
4592823772
4555084908
4554867853
4554578846
4550482474
4550045833
4544130276
4543931757
4543697893
4534129234
4533855342
4531454265
4531265898
4530980256
4456889203
4456649237
4456461343
4456276818
4455844521
4455605158
4455391522
4451967003
4451685412
4447875728
4447740786
4447711726
4447610600
4447556372
4444859641
4444406979
4444096796
4441583468
4441410542
4440974258
4440670841
4394610523
4394525263
4394399087
4391693272
4391623847
4391549133
4391500655
4391194638
4391033739
4390892850
4365373361
4365260751
4362956715
4362833663
4362208752
4362065888
4359699009
4359568493
4359472887
4354700009
4354614640
4350011381
4349909776
4347566397
4347451653
4347297012
4347113906
4346925546
4346780518
4346695419
4247936090
4247904407
4247780612
4247731728
4246237910
4244687295
4244659107
4244617290
4244576933
4225316847
4225246100
4223918821
4223791642
4223661333
4223627787
4223489300
4223428285
4218945748
4218884954
4217983140
4217858133
4217766518
4216005352
4215949568
4215903169
4210725662
4210663927
4210558498
4210519636
4210465199
4187903012
4187752911
4187322534
4187224996
4185799546
4185683334
4184491877
4184386894
4184261341
4184179421
4182947947
4182864290
4182755577
4182682702
4130264988
4130230422
4130022794
4129937734
4129849606
4128311042
4128238521
4128151899
4126831775
4126782020
4126658155
4126590059
4080420268
4080316101
4078566725
4078478649
4076485641
4076431752
4074821374
4074748928
4074694505
4072509593
4072441405
4066759760
4066666471
