4902576905
4902464697
4902354217
4900567798
4900437098
4900345103
4900279672
4898963307
4898874248
4898624985
4898481037
4897289984
4897146106
4896898794
4896883782
4896604807
4896517067
4838845023
4838731935
4838510531
4834063398
4833967708
4833860999
4832947918
4832849461
4832621485
4798688871
4798617296
4773434566
4773314530
4773123293
4773039226
4770892360
4770795907
4770772926
4770635174
4770544546
4766200282
4765934003
4765741895
4765358176
4765222982
4764985236
4764748205
4764558390
4758641175
4758262022
4757995528
4755901842
4755744414
4755545712
4755428133
4699668564
4699505537
4699266316
4699014910
4699025325
4698679093
4698255233
4698073300
4695197303
4694875162
4694386882
4691127101
4686545264
4686425778
4686320750
4683549690
4683459910
4683349232
4680391770
4680279952
4636590773
4636087753
4635889820
4635681927
4635477791
4613775273
4613556323
4613288486
4613153513
4612899791
4609571152
4609390519
4607183844
4606930657
4606684459
4598714044
4598752344
4598572534
4591181990
4590940014
4590521199
4590375281
4590058718
4589885000
4538616106
4535581769
4535499804
4535346071
4535105395
4534861977
4531660167
4531490895
4531294928
4509598218
4509275911
4509118359
4505841790
4505669426
4504984058
4502387871
4501826797
4448087568
4448020200
4444859641
4444253624
4443990436
4441574747
4441300815
4441085517
4440802117
4382740362
4382573339
4380032670
4379860752
4379695195
4379533704
4379461927
4379394475
4362208752
4362065888
4352823422
4352691963
4349774156
4349717315
4349619973
4344721055
4344575261
4344395798
4344300537
4344192337
4344040310
4343985227
4343912120
4332200344
4332078880
4331907925
4331733821
4329928518
4329702285
4326702881
4326632345
4325081356
4324947924
4324826974
4324757403
4302750418
4302656848
4302549690
4300583089
4300469584
4300321013
4300235658
4298517674
4298439039
4298347780
4288121539
4288016050
4287918035
4285436340
4285297797
4285134100
4285022497
4280678027
4280537737
4280392533
4280241046
4280129610
4280054038
4278684989
4278613011
4278535054
4278447222
4278392059
4278343608
4278233382
4276860486
4276747698
4276654998
4262403495
4262328118
4255892398
4255806295
4255688273
4255590695
4255510462
4254058701
4253981109
4247056908
