4895310107
4895166789
4895079977
4895004631
4894907490
4893101163
4893015943
4892915690
4892739831
4892693972
4891159111
4890925224
4890741448
4889496502
4889163811
4888936676
4888646940
4838331955
4838160846
4837606570
4837494648
4836456903
4836366115
4836235481
4795851748
4795771862
4795671925
4779145463
4779043274
4778997582
4776227275
4776107839
4775936949
4775840182
4768720316
4768460781
4768287512
4758871592
4758399955
4758295367
4758072072
4757995625
4755764081
4755336087
4755252077
4735107360
4734915083
4726758651
4723921470
4723708501
4723330827
4722951146
4720379880
4720225319
4676437266
4676057696
4675799492
4672352355
4671867279
4671645745
4664749507
4664556753
4662578762
4662248313
4661786262
4659121955
4658814641
4658223641
4657911625
4642692321
4642493058
4639487068
4639240654
4636445834
4636137363
4635684540
4635535643
4599868487
4599617459
4599348637
4599041880
4598851226
4595717353
4595420735
4595186196
4594743242
4594508757
4591379442
4591144225
4590674317
4590410103
4590060522
4589881123
4547016140
4546406736
4539367075
4539090592
4535581769
4535499804
4535346071
4534596947
4534229684
4533871683
4531660167
4531490895
4531294928
4452958718
4452519112
4452220633
4449970362
4449792805
4449417115
4445348040
4445033878
4442714239
4442432717
4441871403
4441592615
4439198692
4438925929
4438425323
4438204872
4387438634
4387237669
4386999276
4386310003
4386084037
4385859934
4383243288
4383096576
4379888465
4379737215
4379478526
4379394089
4262448841
4262335831
4262233447
4262117893
4262021050
4261669262
4261612751
4259824597
4259772158
4253927936
4253871299
4252641933
4252538322
4252372761
4252311541
4242448173
4242324663
4242152308
4242036211
4241924040
4241822333
4241769720
4240584517
4240488157
4238753549
4238648529
4238466053
4238368624
4238272422
4185768092
4185682871
4184548830
4184428054
4184261341
4184179421
4182939521
4182861409
4182754729
4182687471
4127318367
4127248183
4127164607
4127109292
4127035985
4125877135
4125773130
4125561174
4125519181
4072772695
4072699199
4070674710
4066760701
4066670110
4065077879
4064996401
4064786062
4064708096
4063558826
4063518923
4063378608
4063266100
4062142571
4062099038
4061977166
4061922574
4061766981
