4892030631
4891703894
4891274138
4890254708
4889881001
4889635707
4889341660
4870534464
4870369380
4866726089
4866601362
4863527654
4863416494
4858274098
4858176945
4857862981
4857674212
4857432327
4857280387
4857140141
4803563701
4803432187
4800393452
4800264323
4799474584
4799287957
4799062249
4797183443
4796977002
4795169367
4795065669
4794933340
4794758580
4792572022
4792472522
4792365893
4792203727
4792182554
4757642003
4757569071
4757369717
4757266538
4756656265
4754359488
4754025087
4753523086
4753342780
4694386882
4691766471
4691445946
4685464130
4685184756
4684994038
4682042399
4681838407
4681648466
4680079878
4679862945
4679540286
4644432312
4644329015
4644359381
4634236634
4634138693
4634006530
4630285361
4611988149
4611861594
4611736997
4610854555
4610569297
4608157426
4608044020
4592202749
4591896729
4591584278
4588207152
4587956955
4587377491
4587140075
4586824661
4584750062
4584507058
4583865551
4583529539
4583324948
4583129864
4582902817
4516644281
4516482066
4516219473
4515714455
4515358938
4512446590
4512255265
4507951672
4507745306
4507421535
4506872626
4506492138
4474658907
4474516438
4474262984
4458230100
4458040393
4457847533
4456915790
4456616870
4453949043
4453686832
4446840640
4446709391
4446524784
4445393702
4445025919
4442714239
4442432717
4441913226
4441612714
4439212524
4438939967
4438460307
4438208150
4429637616
4429501358
4429403469
4429265355
4428896826
4428668188
4428440303
4425908761
4425824517
4425672456
4425082511
4424765688
4424447411
4419113574
4418930094
4415745081
4415586979
4415364204
4409597133
4409358996
4409139097
4408837423
4408669384
4387929219
4387747183
4386950602
4386667317
4384219272
4384002122
4380722218
4380483540
4380309816
4380112926
4380120133
4379963438
4378881596
4378743127
4378589063
4375972987
4332200344
4332078880
4331907925
4331733821
4331392433
4331261735
4329928518
4329702285
4326910684
4326819878
4323343583
4323231369
4323096230
4323023582
4322943034
4316133030
4316043661
4315959867
4315772294
4315614159
4311973866
4311896400
4311795486
4311381231
4311283153
4299592597
4299030056
4297275562
4297009115
4263270622
4263197030
4263131060
4263060238
4262964210
4262865523
4262776043
4261409214
4261316224
