4904311356
4904261164
4904218149
4904171017
4901998619
4901925673
4901799568
4901733286
4899990684
4899794936
4898286553
4898190830
4898118360
4898062038
4897799006
4865556149
4865407245
4862287334
4860197676
4860032461
4859858193
4859704889
4859563845
4796688507
4796444836
4794466657
4794239679
4793983337
4793812060
4791944568
4791751224
4791463929
4791299879
4757842694
4757662302
4757318890
4755094209
4755037899
4754871920
4754785793
4694875162
4689057200
4688871664
4688053387
4687867633
4686545264
4686425778
4686320750
4683196303
4683047344
4682751430
4680702762
4680647392
4680564758
4644890297
4644824186
4644741219
4644675370
4641233076
4641177287
4638140806
4638030384
4637934075
4637852893
4630804863
4630744393
4630689935
4626522990
4626422027
4621546749
4621450845
4621277332
4611707310
4611567297
4608505008
4608431956
4605216367
4605156966
4601443611
4601382665
4601311439
4601205198
4601099842
4600972282
4597864702
4597814065
4597743424
4593465246
4593358537
4593186144
4592957281
4592803131
4542720815
4535105395
4534861977
4531036827
4530650757
4530320749
4445348040
4445033878
4442722743
4442437455
4441964401
4441596013
4439258616
4438944367
4438460307
4438208150
4397539679
4397478064
4397192486
4397080048
4394610523
4394525263
4394399087
4391351440
4391261393
4391136220
4390933904
4352118357
4344956320
4344785582
4344636717
4344465072
4344335252
4344207365
4344084881
4343980800
4343911843
4313317035
4311973866
4311896400
4311795486
4311603354
4311497412
4311382101
4260586536
4260436506
4260327439
4259004107
4259020182
4258902409
4258790488
4258697655
4247936090
4247904407
4247856197
4247796280
4247731039
4246254548
4246214811
4244745475
4244697943
4244611751
4244577804
4217983140
4217858133
4217766518
4216400139
4213203972
4213069562
4212924293
4212423876
4212332430
4212258125
4212134277
4212063014
4187592399
4187461676
4186102798
4185928845
4184958702
4184876337
4184784565
4184683799
4183408415
4183333306
4183229556
4183114529
4176765285
4176705840
4176630845
4175144598
4175068788
4174993559
4130264988
4130230422
4130166428
4130121291
4130022794
4129937734
4129849606
4128365840
4128274435
4128167158
4126838396
4126760117
4126663494
4126591337
