4866726089
4866601362
4862437928
4860696308
4860601984
4860499175
4860301553
4860085404
4859786676
4859691191
4859564369
4844547955
4844403184
4844267214
4844103057
4843909697
4843550889
4843389725
4841320882
4841117691
4840900564
4840658699
4840482825
4837606570
4837494648
4835973421
4835803139
4835583515
4796643606
4796446187
4794466657
4794239679
4794023622
4793817942
4791944283
4791794822
4791484558
4791300748
4779969700
4779722555
4779424867
4779285133
4777955500
4777822014
4777644210
4777379197
4777143481
4762564923
4762311313
4759511399
4759290778
4759114553
4757246475
4757071686
4756613530
4756399099
4754715185
4754489088
4753888927
4742032461
4741787153
4741518622
4739767983
4739652561
4739473336
4729347918
4729154924
4728948114
4722702029
4722478303
4722189089
4722042625
4719006467
4718758936
4718450373
4699668564
4699505537
4699266316
4699014910
4699025325
4698679093
4695801518
4695512502
4689057200
4688871664
4688555109
4688327401
4684797052
4684587744
4684431112
4682042399
4681838407
4681648466
4679201250
4678946879
4678695743
4620947704
4620576532
4616254576
4616011678
4615601930
4615235659
4614907193
4592564653
4592353401
4591844482
4587662007
4587342482
4584939475
4584812820
4584636869
4584496843
4584315256
4583992900
4583611843
4583304724
4550482474
4550045833
4542720815
4535629696
4535493681
4534584573
4534238663
4533864934
4531118455
4530843523
4530331319
4484124366
4483975919
4483882039
4483706627
4483525014
4483277433
4478454956
4478135812
4477680119
4477280686
4476818719
4470933202
4470836992
4470711454
4450420841
4450324880
4450172835
4446684003
4446513826
4446215532
4445801224
4443504777
4443387926
4443223797
4443055972
4440052551
4439946555
4439792792
4439600960
4429637616
4429501358
4429403469
4429265355
4425555550
4425322221
4419113574
4418930094
4416246343
4416108110
4393899775
4393662926
4390505663
4390324752
4390141811
4389961741
4389811871
4389663850
4330186355
4330084069
4329424310
4329276408
4329131044
4327644982
4327517280
4323898544
4323799990
4323627151
4323480034
4323089918
4323010596
4322944973
4315772294
4315614159
4313725191
4311708837
4311617144
4311532390
4309702417
4309617115
4309489602
4309392308
4254841610
4254789175
