4929898625
4929788124
4929639773
4927829428
4927730485
4927642542
4927545339
4925807866
4925748555
4925548100
4925450824
4925317287
4925176841
4904311356
4904261164
4904218149
4904171017
4904062522
4903974414
4902186317
4902122478
4902056634
4901835876
4901742097
4900067404
4899910933
4899678604
4898239550
4898142287
4898025525
4897799006
4804119705
4804035910
4803969544
4803917376
4801112372
4801012681
4800864065
4795584136
4795510463
4795437266
4775498815
4775444706
4775358814
4775260951
4772808294
4772765874
4772714613
4772596569
4772531430
4763837165
4763694119
4760639310
4760575070
4760476058
4760386167
4760256442
4757808996
4757757893
4757570420
4754961808
4754871920
4754652783
4754519873
4653324217
4653266390
4653196983
4653121052
4653047977
4652886575
4652782513
4652620247
4648821205
4648717814
4648482331
4644483138
4644336524
4644352723
4644181891
4638140806
4638030384
4637852865
4626522990
4626422027
4611707310
4611567297
4608792480
4608724509
4608657326
4605358257
4605321831
4601200218
4601087198
4600984655
4597663339
4597569325
4597456570
4593661289
4593584306
4593465246
4593358537
4593186144
4592966747
4592799198
4554108384
4553746326
4547016140
4546406736
4538046139
4534808250
4534560333
4531207138
4530957541
4479362677
4479297666
4471234191
4471146738
4471064191
4471012243
4394787608
4394684111
4391852906
4391761366
4391657529
4391351440
4391261393
4391018438
4390887876
4354955458
4354814830
4352118357
4347291966
4347119698
4346780452
4346707296
4263510514
4263465864
4263430944
4263341326
4263284706
4261724711
4261674990
4261621281
4261485237
4261427393
4247856197
4247796280
4247731039
4246237910
4246144415
4246103649
4244745475
4244697943
4244642451
4244610301
4244574989
4217666169
4217581342
4217500269
4216257809
4210855218
4210794225
4210714357
4210506980
4210464788
4176765285
4176705840
4176630845
4175246307
4175200522
4163993312
4163944301
4163867860
4163772878
4162530493
4162467326
4162379376
4162306983
4159636538
4159592310
4159546397
4159491136
4158037552
4157994073
4145961878
4145830707
4144159705
4144109628
4143996536
4143918038
