4559537053
4515714455
4515358938
4504395368
4504302382
4504136709
4502843232
4502625279
4502345535
4479362677
4479297666
4475130718
4475050658
4471234191
4471146738
4471067470
4471013052
4410597600
4410451645
4410343808
4410271880
4410176045
4407011491
4406938381
4406848577
4406745749
4397413897
4397307761
4394787608
4394684111
4391434971
4391332366
4391194638
4391033739
4390892850
4376412458
4376362357
4376291737
4368344567
4368282002
4368040172
4367991110
4367906549
4361924302
4361833740
4361748658
4263341326
4263284706
4261658706
4261622987
4261557320
4261501547
4261426391
4255084928
4255028755
4254990579
4253570484
4253515444
4253444370
4253408014
4243089603
4243043123
4242996274
4241573146
4241534233
4559537053
4515714455
4515358938
4504395368
4504302382
4504136709
4502843232
4502625279
4502345535
4479362677
4479297666
4475130718
4475050658
4471234191
4471146738
4471067470
4471013052
4410597600
4410451645
4410343808
4559537053
4515714455
4515358938
4504395368
4504302382
4504136709
4502843232
4502625279
4502345535
4479362677
4479297666
4475130718
4475050658
4471234191
4471146738
4471067470
4471013052
4410597600
4410451645
4410343808
4559537053
4515714455
4515358938
4504395368
4504302382
4504136709
4502843232
4502625279
4502345535
4479362677
4479297666
4475130718
4475050658
4471234191
4471146738
4471067470
4471013052
4410597600
4410451645
4410343808
4559537053
4515714455
4515358938
4504395368
4504302382
4504136709
4502843232
4502625279
4502345535
4479362677
4479297666
4475130718
4475050658
4471234191
4471146738
4471067470
4471013052
4410597600
4410451645
4410343808
4559537053
4515714455
4515358938
4504395368
4504302382
4504136709
4502843232
4502625279
4502345535
4479362677
4479297666
4475130718
4475050658
4471234191
4471146738
4471067470
4471013052
4410597600
4410451645
4410343808
4559537053
4515714455
4515358938
4504395368
4504302382
4504136709
4502843232
4502625279
4502345535
4479362677
4479297666
4475130718
4475050658
4471234191
4471146738
4471067470
4471013052
4410597600
4410451645
4410343808
