4742017371
4729639941
4722702029
4722478303
4719683146
4719415038
4719006467
4718758936
4718450373
4593510321
4593418369
4592842920
4592642001
4588722721
4588518510
4584974369
4584872730
4584787600
4584565112
4584417463
4551368417
4551191215
4550987172
4543372361
4535009122
4534787739
4534493687
4530725892
4530304777
4449970362
4449792805
4449417115
4446217390
4445796772
4443504777
4443387926
4443194662
4443050338
4440057001
4439952716
4439738547
4439579013
4388132650
4387950222
4384965961
4384835742
4381712137
4381601064
4381103520
4380889966
4354515445
4354450642
4354388736
4351956063
4344395798
4344300537
4344192337
4343981575
4343911681
4742017371
4729639941
4722702029
4722478303
4719683146
4719415038
4719006467
4718758936
4718450373
4593510321
4593418369
4592842920
4592642001
4588722721
4588518510
4584974369
4584872730
4584787600
4584565112
4584417463
4742017371
4729639941
4722702029
4722478303
4719683146
4719415038
4719006467
4718758936
4718450373
4593510321
4593418369
4592842920
4592642001
4588722721
4588518510
4584974369
4584872730
4584787600
4584565112
4584417463
4742017371
4729639941
4722702029
4722478303
4719683146
4719415038
4719006467
4718758936
4718450373
4593510321
4593418369
4592842920
4592642001
4588722721
4588518510
4584974369
4584872730
4584787600
4584565112
4584417463
4742017371
4729639941
4722702029
4722478303
4719683146
4719415038
4719006467
4718758936
4718450373
4593510321
4593418369
4592842920
4592642001
4588722721
4588518510
4584974369
4584872730
4584787600
4584565112
4584417463
4742017371
4729639941
4722702029
4722478303
4719683146
4719415038
4719006467
4718758936
4718450373
4593510321
4593418369
4592842920
4592642001
4588722721
4588518510
4584974369
4584872730
4584787600
4584565112
4584417463
4742017371
4729639941
4722702029
4722478303
4719683146
4719415038
4719006467
4718758936
4718450373
4593510321
4593418369
4592842920
4592642001
4588722721
4588518510
4584974369
4584872730
4584787600
4584565112
4584417463
4742017371
4729639941
4722702029
4722478303
4719683146
4719415038
4719006467
4718758936
4718450373
4593510321
4593418369
4592842920
4592642001
4588722721
4588518510
4584974369
4584872730
4584787600
4584565112
4584417463
