4932617207
4932559456
4932477993
4930387223
4930306019
4930256868
4927831428
4927726799
4927415714
4927293147
4925992716
4925891067
4925807866
4925748555
4925688400
4925639869
4896322388
4896277753
4896240837
4896243111
4896222381
4894403418
4894322762
4894264887
4894168276
4894085062
4892482283
4892339816
4892123079
4890686040
4890534860
4890404686
4890149021
4862437928
4858022660
4857833444
4857624404
4857329614
4857161491
4795300779
4757819597
4757761284
4757516095
4754925133
4754837398
4754601095
4754459561
4735720615
4735429318
4729639941
4723330827
4722951146
4720309400
4720146874
4243175978
4243135144
4243089603
4243043123
4242996274
4241580184
4241549230
4239978953
4239943448
4239887340
4239821110
4232190088
4214510963
4211032891
4210951063
4210855218
4210794225
4210714357
4210520787
4210465599
4190235763
4190155073
4189556798
4189447572
4189291137
4187592399
4187461676
4185745466
4185679954
4184548830
4184428054
4184256906
4184185268
4182947947
4182864290
4182775150
4182687939
4125408235
4125361812
4125025123
4124943020
4123448244
4123362981
4121834469
4121737453
4066891298
4066831697
4066615144
4066505440
4065140946
4065095713
4064939549
4064854156
4063643412
4063600107
4063465788
4063402142
4063225719
4063131418
4062062147
4062016236
4029657381
4029565239
4029436551
4027927929
4027858018
4027734654
4027640509
4026380872
4026310132
4026215919
4026170962
4024632580
4024579757
3969620539
3969556326
3969496101
3969427809
3969357638
3967391784
3967303905
3967214219
3965779077
3965702859
3965633377
3964015955
3963766315
3962007207
3960830625
3960583608
3960415965
3955162739
3955105373
3955048730
3954987049
3954965631
3954881673
3954835023
3954763505
3954673542
3953011486
3952902806
3952862353
3952828248
3917323099
3917196768
3917076539
3915279179
3915145827
3913231529
3913069866
3911466745
3911317677
3911193264
3909760210
3909654281
3909047737
3865436538
3862476678
3862347259
3860355983
3860228898
3858218113
3858123895
3856476310
3856371600
3853781987
3853738369
3853663055
3846467819
3846423194
3846376015
3844789160
3844753825
3844715646
3810598478
3808944568
3808588717
3807110470
3806747614
3805545412
3805168942
3794315872
3794215242
3793135633
3793030149
