4677272673
4677066605
4676856213
4676628393
4676410399
4673008078
4672660959
4666198351
4666040772
4665778425
4665454547
4648744076
4648435774
4648205731
4644432312
4644329015
4644359381
4640496049
4640328110
4637280268
4637035909
4629448324
4626177701
4625810336
4621544188
4621307999
4621072450
4620510681
4611988149
4611861594
4611736997
4611541431
4611395071
4611160713
4608429659
4608324537
4608218648
4588207152
4587956955
4584682837
4584507526
4584260390
4584003116
4583699904
4583351795
4583114920
4582890604
4514980478
4514743701
4512023338
4511780213
4511456383
4504395368
4504302382
4504136709
4503949536
4503745819
4503404721
4421039595
4415147155
4415187071
4412493919
4412276603
4412291304
4412040287
4410006752
4409869561
4409759938
4409506819
4409319174
4409111685
4408915044
4408669474
4387481851
4387280057
4384838734
4384574056
4384395915
4384219272
4384002122
4381656522
4381491428
4381335346
4381110828
4380842019
4380231880
4380112749
4379949749
4361342087
4361255147
4361090262
4360955967
4677272673
4677066605
4676856213
4676628393
4676410399
4673008078
4672660959
4666198351
4666040772
4665778425
4665454547
4648744076
4648435774
4648205731
4644432312
4644329015
4644359381
4640496049
4640328110
4637280268
4677272673
4677066605
4676856213
4676628393
4676410399
4673008078
4672660959
4666198351
4666040772
4665778425
4665454547
4648744076
4648435774
4648205731
4644432312
4644329015
4644359381
4640496049
4640328110
4637280268
4677272673
4677066605
4676856213
4676628393
4676410399
4673008078
4672660959
4666198351
4666040772
4665778425
4665454547
4648744076
4648435774
4648205731
4644432312
4644329015
4644359381
4640496049
4640328110
4637280268
4677272673
4677066605
4676856213
4676628393
4676410399
4673008078
4672660959
4666198351
4666040772
4665778425
4665454547
4648744076
4648435774
4648205731
4644432312
4644329015
4644359381
4640496049
4640328110
4637280268
4677272673
4677066605
4676856213
4676628393
4676410399
4673008078
4672660959
4666198351
4666040772
4665778425
4665454547
4648744076
4648435774
4648205731
4644432312
4644329015
4644359381
4640496049
4640328110
4637280268
