4875804229
4875616323
4875430981
4875286435
4875096452
4871142851
4871042223
4870876025
4870893860
4864711453
4864614512
4864506324
4863527654
4863416494
4860193677
4860031610
4859858193
4859704889
4859563845
4800393452
4800264323
4797647892
4797554753
4796688507
4796444836
4794419186
4794237066
4794023622
4793817942
4791927173
4791787115
4791483362
4791302053
4765576939
4765331655
4762009333
4761728525
4761557039
4761381417
4761337383
4761262260
4758526580
4758411144
4758177365
4755628615
4755545712
4755345911
4755253994
4738668040
4738300224
4738077970
4736279968
4736023765
4729347918
4729154924
4728948114
4720711058
4720602867
4720609736
4720309400
4720146874
4599000858
4598895652
4598714044
4598752344
4598572534
4594744663
4594517082
4590642552
4590442024
4590185478
4590035044
4589864077
4571560543
4571435212
4571332503
4571162988
4570962993
4567572611
4567476943
4567322054
4563073645
4562878976
4562402022
4540026141
4539882942
4539644844
4535411193
4535217452
4534129234
4533855342
4530725892
4530304777
4516644281
4516482066
4516219473
4514980478
4514743701
4507951672
4507745306
4507421535
4506114861
4505924916
4451380824
4451249407
4451044917
4447875728
4447740786
4447711726
4447610600
4447556372
4445155571
4444642222
4443985894
4441574747
4441410542
4440787464
4440555547
4414777153
4414612693
4414442420
4414312447
4410932928
4410771924
4383685484
4383453141
4383290009
4382740362
4382573339
4380396659
4380250142
4379836333
4379691061
4379536402
4379462977
4379381538
4359699009
4359568493
4359472887
4354515445
4354450642
4354388736
4350358576
4350242887
4347609065
4347472943
4347242760
4347114777
4346780452
4346707296
4302750418
4302656848
4302549690
4300321013
4300235658
4298697632
4298606035
4288121539
4288016050
4287918035
4287737548
4287613821
4287485643
4285436340
4285297797
4284856342
4284748258
4284740919
4284735814
4284671687
4262056755
4261985595
4246832403
4246503484
4246458367
4245070948
4245017935
4244945226
4244887821
4243576903
4243519652
4243437243
4243380307
4236561127
4236500107
4234462445
4234387309
4231230161
4231111479
4231053079
4230819740
4229212410
4229007044
4228810652
4218808903
4218757151
4218706625
4217431858
4217381440
4214212341
