4062142571
4062099038
4061971770
4061921764
4061745637
4061662358
4031939643
4031887529
4031793106
4029995725
4029958654
4028198178
4028093026
4028020665
4027986886
4026380872
4026310132
4024533023
4024442440
4024385848
3971717222
3971673262
3971583578
3971552773
3969510492
3969305067
3967891613
3967809253
3967718821
3967679468
3967602199
3935718039
3935657118
3932641464
3932554750
3932468492
3928620364
3928462587
3928034802
3927969700
3909460746
3909327479
3908965592
3881057421
3880950513
3880844514
3878823750
3878503547
3878292868
3878216001
3876700964
3876473522
3876303199
3817483709
3817416708
3816709362
3815256950
3815208445
3813773851
3813737784
3810441732
3809120660
3808519940
3807257804
3807110470
3805388478
3805240127
3800522560
3800452827
3800387684
3800271761
3800211255
3798014804
3797915418
3797690970
3793464185
3793427923
3793158720
3793107418
3787793545
3787689572
3787058134
3786958899
3781777845
3781706342
3781456589
3772435351
3772339381
3772237673
3767287818
3765370823
3763711443
3750461499
3750343882
3750244771
3748838786
3748753530
3746893613
3746810544
3745305291
3745245550
3743984381
3738028911
3737981699
3737947819
3737916874
3737869130
3736344849
3736305415
3734692413
3734655305
3734512925
3734452171
3734391289
3731376121
3731338977
3731233058
3731167554
3724290630
3724258894
3722655225
3722634432
3721123290
3721081282
3702177241
3702089496
3700150918
3700059851
3698403352
3698322743
3698009748
3697932551
3696361086
3696306464
3696233055
3694760597
3691576813
3691341015
3691216356
3689489578
3689347829
3689133031
3689045549
3687151809
3687092089
3662702352
3662626622
3662517281
3660724526
3660651721
3660451515
3622964324
3622880958
3618354768
3618313643
3618204345
3616712080
3616664521
3616622623
3596803540
3596688904
3595635564
3595557830
3594540805
3594381943
3593412291
3593334179
3593038122
3592887792
3580632531
3580564190
3578436035
3578337880
3578278421
3573513885
3573475597
3573424105
3571784903
3571722694
3571644259
3559037317
3558979253
3558793494
3558701651
3558619997
3556790073
3556731659
3528123483
3527949029
3527818741
3526248657
3526144076
3524160050
3516707269
3516590405
3515227412
3515093661
3512927755
3512834415
3512155023
