4076188379
4076114893
4076043995
4072772695
4072699199
4070556816
4070500759
4066909869
4066838505
4066597494
4066517897
4065140946
4065095713
4064938488
4064851344
4063477071
4063413580
4063202564
4063131437
4062061780
4062034566
4061867364
4061802430
3943981461
3943893584
3943790375
3943673479
3943547236
3943365614
3943262880
3943204781
3941931884
3941740660
3941608894
3941208711
3941137339
3937609487
3937537639
3933995420
3933935682
3933892648
3928337789
3928234992
3928102591
3928022579
3927969458
3917861323
3917700931
3917689363
3917561625
3915279179
3915145827
3910932361
3910845348
3909514591
3909391492
3908954812
3868032433
3867862633
3867646351
3866278803
3866190562
3866060233
3862694365
3862603578
3861026687
3860917809
3859208891
3859112825
3859017359
3857352500
3857361495
3857223519
3857133774
3853781987
3853738369
3853663055
3820170555
3820112359
3820058665
3818797818
3818707653
3818623346
3818333792
3816709362
3815378585
3815318822
3810667407
3808843431
3808671269
3807181073
3806880107
3805545412
3805388478
3775933971
3775825168
3775730294
3774178327
3774083100
3773950827
3773545008
3773436674
3768548189
3766681094
3765708885
3763798613
3752758474
3752683273
3752602284
3752505318
3751180345
3751104948
3750461499
3750343882
3750244771
3747320300
3747314665
3747183006
3747172006
3744526729
3744481509
3743825941
3700150918
3700059851
3698247222
3698141876
3695231259
3695119172
3694623523
3625490002
3625422067
3625366950
3625315335
3624958444
3624843844
3620796674
3620742450
3620675836
3616571379
3616514538
3616461072
3609753657
3609602443
3607631172
3607291192
3607109048
3606910502
3605691617
3605580580
3605341105
3605037754
3594540805
3594381943
3593368959
3593288991
3593194086
3592614727
3592440441
3592347071
3576333193
3576241375
3576150500
3576001184
3574837639
3574758829
3564003018
3563931981
3563837364
3563757526
3562171562
3562093731
3562026562
3561952591
3560422984
3560337697
3552694103
3552645913
3549219773
3549168535
3542800810
3542359881
3540802315
3540681433
3540529925
3540395141
3540226851
3530486844
3530401688
3529812480
3529685872
3529546799
3525994644
3525840237
3525706372
3524404781
3515124352
3492992150
3492923816
3488140478
3485007131
