4040840907
4040797191
4040730587
4035379823
4035310414
4035220177
4033801073
4026166683
4026107839
4026055044
4024224354
4024140542
4012647089
4006308725
4006185872
4004282895
4004253089
3995816041
3995742970
3995646409
3990657790
3990527306
3987331860
3982195218
3982001680
3965927990
3965884494
3965854761
3965779077
3965702859
3965633377
3964015955
3963682365
3963695407
3962137083
3960936028
3960830625
3960680068
3958969192
3958926762
3958880680
3956953336
3956901787
3956764906
3955048730
3954987049
3954881673
3914347028
3914271823
3902091492
3873692868
3873646498
3873592376
3871326475
3871294214
3871188429
3844789160
3844753825
3844715646
3842969814
3842910716
3842844651
3796409885
3796379534
3796315981
4040840907
4040797191
4040730587
4035379823
4035310414
4035220177
4033801073
4026166683
4026107839
4026055044
4024224354
4024140542
4012647089
4006308725
4006185872
4004282895
4004253089
3995816041
3995742970
3995646409
4040840907
4040797191
4040730587
4035379823
4035310414
4035220177
4033801073
4026166683
4026107839
4026055044
4024224354
4024140542
4012647089
4006308725
4006185872
4004282895
4004253089
3995816041
3995742970
3995646409
4040840907
4040797191
4040730587
4035379823
4035310414
4035220177
4033801073
4026166683
4026107839
4026055044
4024224354
4024140542
4012647089
4006308725
4006185872
4004282895
4004253089
3995816041
3995742970
3995646409
4040840907
4040797191
4040730587
4035379823
4035310414
4035220177
4033801073
4026166683
4026107839
4026055044
4024224354
4024140542
4012647089
4006308725
4006185872
4004282895
4004253089
3995816041
3995742970
3995646409
4040840907
4040797191
4040730587
4035379823
4035310414
4035220177
4033801073
4026166683
4026107839
4026055044
4024224354
4024140542
4012647089
4006308725
4006185872
4004282895
4004253089
3995816041
3995742970
3995646409
4040840907
4040797191
4040730587
4035379823
4035310414
4035220177
4033801073
4026166683
4026107839
4026055044
4024224354
4024140542
4012647089
4006308725
4006185872
4004282895
4004253089
3995816041
3995742970
3995646409
