2163 21 61.53 2195 82262664 34505203 105248644 101356886 72312627 
1883502 20 60.79 2163 134556694 132851371 106573901 92423451 159020918 
15 19 60.21 2160 125581247 106863163 94296097 101695162 94738847 
39 18 61.41 2038 111620041 86745912 94155156 41231571 25907144 
1838315 17 65.78 2023 87278757 97590558 89117038 86799300 116585378 
5229127 16 70.33 1971 93552791 91064780 250114507 130801103 89269794 
543897 15 55.72 1959 84772440 100471531 89871557 91443418 113457795 
726228 14 60.70 1947 137193239 89423756 113800818 107803494 134276083 
1375614 13 61.41 1934 87012746 149486894 82327674 117281554 139876032 
350190 12 56.80 1928 43276219 154715080 102099826 6922000 87276347 
2586976 11 64.16 1926 19672354 311360822 26771994 88271237 94054712 
5228654 10 66.96 1924 86726887 86725175 10366616 108452107 47434686 
2108395 9 59.50 1918 184950344 155494381 164532005 132309493 187619311 
5026801 8 61.25 1839 221666230 73562326 87285329 86698277 86727555 
5725202 7 65.00 1810 98172857 177648913 88933594 187824320 238239590 
5 6 59.70 1797 140153524 129958758 156662698 207829314 130416036 
5327206 5 58.46 1797 157989498 91364275 385750274 100758751 407321629 
5066616 4 61.54 1797 124936122 168028715 157475523 117731777 138543123 
67 3 53.87 1792 84853828 94004717 116525052 86700461 117956848 
534136 2 65.33 1785 57516313 26356855 121769650 62533910 92367063 
3 1 55.02 1773 84429681 12231202 111034589 50828662 38628747 
5027210 0 57.78 1773 137272985 139937922 108382060 114239371 182331313 
