2163 21 60.55 2226 105248644 34505203 82262664 101356886 72312627 
3331948 20 58.31 2084 114239371 119576842 90882159 148215639 111189717 
15 19 60.10 2066 98878010 107081378 106863163 177416702 134276083 
1375614 18 62.62 2041 82327674 149486894 139876032 117281554 87012746 
1883502 17 59.46 2001 134556694 132851371 106573901 92423451 106809101 
5 16 60.00 1947 140153524 205813150 129958758 207829314 90892734 
1838315 15 66.26 1939 87278757 89117038 116585378 101450083 169025618 
2586976 14 63.66 1939 94155156 311360822 26771994 41231571 19672354 
39 13 61.50 1938 111620041 86745912 87276347 73562326 25907144 
46 12 60.26 1934 113331514 92847434 159020918 5150808 86725175 
2108395 11 60.67 1879 87196890 155494381 184950344 132309493 187619311 
4593831 10 74.07 1863 75750590 98172857 86751819 86698277 86761682 
2640025 9 55.22 1819 137193239 173880329 111291593 103940975 103039499 
4251435 8 55.67 1810 87382579 103735745 86725175 86700461 38628747 
2672298 7 57.82 1807 242697694 97658618 155332459 99796146 194521913 
2512249 6 60.17 1807 30237211 154715080 88933594 315657960 145550466 
726228 5 60.66 1793 135384059 139937922 139280377 101695162 107803494 
2006913 4 56.18 1786 86785083 91460772 87586992 123051238 89269794 
350190 3 56.29 1760 93119769 126417273 102099826 112377459 93616251 
2621843 2 54.10 1757 94049589 11550182 250114507 94338967 96196828 
3262331 1 64.92 1752 151835528 179773256 237201026 199133117 126253073 
543897 0 54.35 1748 89871557 420846621 113457795 91443418 100471531 
