2163 21 61.78 2225 82262664 34505203 105248644 101356886 72312627 
15 20 60.29 2141 125581247 106863163 94296097 101695162 94738847 
39 19 61.60 2138 111620041 86745912 94155156 41231571 25907144 
1883502 18 60.82 2056 134556694 132851371 106573901 92423451 159020918 
5228654 17 67.94 2007 86726887 86725175 10366616 108452107 47434686 
2586976 16 63.98 1998 19672354 311360822 26771994 88271237 94054712 
1838315 15 65.54 1983 87278757 89117038 97590558 86799300 116585378 
5026801 14 60.83 1956 221666230 73562326 87285329 86698277 86727555 
1375614 13 61.18 1909 139876032 149486894 117281554 82327674 87012746 
726228 12 60.53 1906 137193239 89423756 113800818 107803494 134276083 
5229127 11 64.22 1903 93552791 91064780 250114507 130801103 89269794 
350190 10 56.66 1896 43276219 154715080 102099826 6922000 87276347 
2108395 9 59.19 1891 184950344 155494381 164532005 132309493 187619311 
5066616 8 56.36 1863 117731777 157475523 168028715 124936122 138543123 
543897 7 55.44 1861 84772440 100471531 89871557 91443418 113457795 
5027210 6 56.64 1844 137272985 114239371 139937922 108382060 182331313 
5725202 5 65.00 1810 98172857 177648913 88933594 187824320 238239590 
5327206 4 58.46 1797 157989498 91364275 385750274 100758751 407321629 
534136 3 65.33 1785 57516313 26356855 121769650 62533910 92367063 
3 2 55.02 1773 84429681 12231202 111034589 50828662 38628747 
67 1 53.31 1766 94004717 84853828 116525052 86700461 117956848 
3715574 0 57.47 1762 86974263 176502766 85937380 86822085 87063175 
15 21 60.33 2230 125581247 106863163 94296097 101695162 94738847 
2163 20 61.70 2187 82262664 34505203 105248644 101356886 72312627 
39 19 61.69 2141 111620041 86745912 94155156 41231571 25907144 
2586976 18 64.10 2088 19672354 311360822 26771994 88271237 94054712 
1883502 17 60.68 2044 134556694 132851371 106573901 92423451 159020918 
1838315 16 65.32 2026 87278757 97590558 89117038 86799300 116585378 
5026801 15 60.47 1965 221666230 73562326 87285329 86698277 86727555 
5228654 14 66.42 1953 86726887 86725175 10366616 108452107 47434686 
726228 13 60.50 1905 137193239 89423756 113800818 107803494 134276083 
5229127 12 63.39 1887 93552791 91064780 250114507 130801103 89269794 
1375614 11 61.13 1884 117281554 149486894 82327674 139876032 87012746 
350190 10 56.62 1869 43276219 154715080 102099826 6922000 87276347 
2108395 9 59.11 1864 184950344 155494381 164532005 132309493 187619311 
543897 8 55.39 1859 84772440 100471531 89871557 91443418 113457795 
5066616 7 55.17 1851 117731777 157475523 168028715 124936122 138543123 
5027210 6 56.45 1824 137272985 114239371 139937922 108382060 182331313 
5725202 5 65.00 1810 98172857 177648913 88933594 187824320 238239590 
5327206 4 58.46 1797 157989498 91364275 385750274 100758751 407321629 
534136 3 65.33 1785 57516313 26356855 121769650 62533910 92367063 
3 2 55.02 1773 84429681 12231202 111034589 50828662 38628747 
67 1 53.31 1766 94004717 84853828 116525052 86700461 117956848 
3715574 0 57.47 1762 86974263 176502766 85937380 86822085 87063175 
