1838315 21 67.15 2092 87278757 89117038 121769650 73562326 116585378 
726228 20 60.95 2010 137193239 143693439 139937922 107803494 182331313 
15 19 60.69 2004 125581247 106863163 94296097 101695162 94738847 
1883502 18 61.38 1960 132851371 134556694 106573901 92423451 159020918 
39 17 61.88 1959 86745912 111620041 94155156 41231571 25907144 
350190 16 57.38 1955 100471531 154715080 84772440 101450083 102099826 
2626685 15 55.87 1919 135878232 139876032 255219872 134276083 397462905 
2163 14 61.54 1892 82262664 34505203 105248644 101356886 86700461 
6214973 13 57.09 1851 86727555 97590558 103735745 86698277 86799300 
6209143 12 57.40 1839 94049589 86785083 81852496 295697470 177411785 
6288801 11 52.63 1807 86725175 87196890 94786276 84429681 87177591 
4 10 58.21 1804 157475523 88585077 118134220 139280377 111114687 
2586976 9 62.72 1792 16769223 311360822 26771994 88271237 94054712 
543897 8 54.96 1785 91443418 192914280 412753955 113457795 87012746 
67 7 53.74 1782 87063175 234237646 94004717 105045291 65674469 
36 6 56.43 1772 117421467 114619230 171981096 111030315 234699894 
6214538 5 56.28 1769 6922000 221666230 10366616 108452107 86726887 
6666989 4 52.54 1719 87382579 126238768 94004717 169025618 98172857 
6491135 3 55.38 1717 10366616 43276219 87063175 115141430 236858633
3785359 2 62.03 1716 237325411 301750126 156328257 389033587 181716137 
2672298 1 56.29 1705 292921272 157989498 119631156 164685175 153836240 
6711721 0 55.43 1698 11550182 26316691 96196828 87586992 82305765 
