2163 21 61.72 2195 82262664 34505203 105248644 101356886 72312627 
39 20 61.56 2136 111620041 86745912 94155156 41231571 25907144 
15 19 60.24 2118 125581247 106863163 94296097 101695162 94738847 
1883502 18 60.86 2072 134556694 132851371 106573901 92423451 159020918 
5228654 17 68.50 2037 86726887 86725175 10366616 108452107 47434686 
2586976 16 64.02 2000 19672354 311360822 26771994 88271237 94054712 
1838315 15 65.57 1984 87278757 89117038 97590558 86799300 116585378 
350190 14 56.73 1952 43276219 154715080 102099826 6922000 87276347 
2108395 13 59.33 1930 184950344 155494381 164532005 132309493 187619311 
726228 12 60.55 1896 137193239 89423756 113800818 107803494 134276083 
1375614 11 61.21 1895 82327674 149486894 117281554 139876032 87012746 
543897 10 55.52 1878 84772440 100471531 89871557 91443418 113457795 
5027210 9 57.04 1869 182331313 114239371 137272985 139937922 108382060 
67 8 53.64 1862 94004717 84853828 116525052 86700461 117956848 
5066616 7 56.86 1840 168028715 117731777 157475523 124936122 138543123 
5026801 6 60.24 1821 221666230 73562326 87285329 86698277 86727555 
5229127 5 63.81 1818 93552791 91064780 250114507 130801103 89269794 
5725202 4 65.00 1810 98172857 177648913 88933594 187824320 238239590 
5327206 3 58.46 1797 157989498 91364275 385750274 100758751 407321629 
534136 2 65.33 1785 57516313 26356855 121769650 62533910 92367063 
5 1 59.34 1781 140153524 129958758 156662698 207829314 130416036 
3 0 55.02 1773 84429681 12231202 111034589 50828662 38628747 
