2163 21 61.74 2212 82262664 34505203 105248644 101356886 72312627 
15 20 60.38 2205 125581247 106863163 94296097 101695162 94738847 
39 19 61.60 2164 111620041 86745912 94155156 41231571 25907144 
1883502 18 60.78 2050 134556694 132851371 106573901 92423451 159020918 
2586976 17 64.09 2045 19672354 311360822 26771994 88271237 94054712 
5228654 16 67.41 2001 86726887 86725175 10366616 108452107 47434686 
5026801 15 60.70 1979 221666230 73562326 87285329 86698277 86727555 
1838315 14 65.39 1978 87278757 89117038 97590558 86799300 116585378 
726228 13 60.50 1905 137193239 89423756 113800818 107803494 134276083 
5229127 12 63.39 1887 93552791 91064780 250114507 130801103 89269794 
1375614 11 61.13 1884 117281554 149486894 82327674 139876032 87012746 
350190 10 56.62 1869 43276219 154715080 102099826 6922000 87276347 
2108395 9 59.11 1864 184950344 155494381 164532005 132309493 187619311 
543897 8 55.39 1859 84772440 100471531 89871557 91443418 113457795 
5066616 7 55.17 1851 117731777 157475523 168028715 124936122 138543123 
5027210 6 56.45 1824 137272985 114239371 139937922 108382060 182331313 
5725202 5 65.00 1810 98172857 177648913 88933594 187824320 238239590 
5327206 4 58.46 1797 157989498 91364275 385750274 100758751 407321629 
534136 3 65.33 1785 57516313 26356855 121769650 62533910 92367063 
3 2 55.02 1773 84429681 12231202 111034589 50828662 38628747 
67 1 53.31 1766 94004717 84853828 116525052 86700461 117956848 
3715574 0 57.47 1762 86974263 176502766 85937380 86822085 87063175
