2163 21 61.56 2183 82262664 34505203 105248644 101356886 72312627 
1883502 20 60.85 2136 134556694 132851371 106573901 92423451 159020918 
15 19 60.17 2094 125581247 106863163 94296097 101695162 94738847 
39 18 61.49 2024 111620041 86745912 94155156 41231571 25907144 
5228654 17 68.07 1998 86726887 86725175 10366616 108452107 47434686 
543897 16 55.69 1992 84772440 100471531 89871557 91443418 113457795 
1838315 15 65.60 1972 87278757 89117038 97590558 86799300 116585378 
350190 14 56.85 1961 43276219 154715080 102099826 6922000 87276347 
1375614 13 61.45 1951 117281554 149486894 82327674 139876032 87012746 
2586976 12 63.93 1935 19672354 311360822 26771994 88271237 94054712 
2108395 11 59.45 1923 184950344 155494381 164532005 132309493 187619311 
5229127 10 69.47 1921 93552791 91064780 250114507 130801103 89269794 
5066616 9 60.47 1861 124936122 157475523 168028715 117731777 138543123 
726228 8 60.54 1851 137193239 89423756 113800818 107803494 134276083 
5 7 59.60 1844 140153524 129958758 156662698 207829314 130416036 
5026801 6 60.87 1827 221666230 73562326 87285329 86698277 86727555 
67 5 53.86 1818 84853828 94004717 116525052 86700461 117956848 
5725202 4 65.00 1810 98172857 177648913 88933594 187824320 238239590 
5327206 3 58.46 1797 157989498 91364275 385750274 100758751 407321629 
5027210 2 56.88 1793 137272985 139937922 108382060 114239371 182331313 
534136 1 65.33 1785 57516313 26356855 121769650 62533910 92367063 
3 0 55.02 1773 84429681 12231202 111034589 50828662 38628747 
